1
2
3
11
12
13
21
22
31
101
102
103
111
112
113
121
122
201
202
211
212
221
301
311
1001
1002
1003
1011
1012
1013
1021
1022
1031
1101
1102
1103
1111
1112
1113
1121
1122
1201
1202
1211
1212
1301
2001
2002
2011
2012
2021
2022
2101
2102
2111
2121
2201
2202
2211
3001
3011
3101
3111
10001
10002
10003
10011
10012
10013
10021
10022
10031
10101
10102
10103
10111
10112
10113
10121
10122
10201
10202
10211
10212
10221
11001
11002
11003
11011
11012
11013
11021
11022
11031
11101
11102
11103
11111
11112
11113
11121
11122
11201
11202
11211
12001
12002
12011
12012
12101
12102
12111
12201
12202
13001
13011
20001
20002
20011
20012
20021
20022
20101
20102
20111
20112
20121
20122
20201
20211
20221
21001
21002
21011
21021
21101
21102
21111
21201
22001
22002
22011
22101
22102
22111
30001
30011
30101
30111
31001
31011
31101
31111
100001
100002
100003
100011
100012
100013
100021
100022
100031
100101
100102
100103
100111
100112
100113
100121
100122
100201
100202
100211
100212
100221
100301
100311
101001
101002
101003
101011
101012
101013
101021
101022
101031
101101
101102
101103
101111
101112
101113
101121
101122
101201
101202
101211
101212
101301
102001
102002
102011
102012
102021
102022
102101
102102
102111
102121
103001
103101
110001
110002
110003
110011
110012
110013
110021
110022
110031
110101
110102
110103
110111
110112
110113
110121
110122
110201
110202
110211
110212
110221
111001
111002
111003
111011
111012
111013
111021
111022
111031
111101
111102
111103
111111
111112
111121
111201
111202
111211
112001
112002
112011
112012
112101
112102
112111
113001
120001
120002
120011
120012
120101
120102
120111
120112
120201
121001
121002
121011
121101
121102
121111
121201
122001
122002
122011
130001
130011
130101
130111
200001
200002
200011
200012
200021
200022
200101
200102
200111
200112
200121
200122
200201
200202
200211
200212
200221
201001
201002
201011
201012
201021
201022
201101
201111
201121
201201
201211
202001
202002
202011
202012
202101
202111
210001
210002
210011
210021
210101
210102
210111
210201
210202
210211
211001
211002
211011
211021
211101
211111
212001
212002
212011
212101
220001
220002
220011
220101
220102
220111
220201
221001
221002
221011
221101
300001
300011
300101
300111
301001
301011
301101
301111
310001
310011
310101
310111
311001
311011
311101
1000001
1000002
1000003
1000011
1000012
1000013
1000021
1000022
1000031
1000101
1000102
1000103
1000111
1000112
1000113
1000121
1000122
1000201
1000202
1000211
1000212
1000221
1000301
1000311
1001001
1001002
1001003
1001011
1001012
1001013
1001021
1001022
1001031
1001101
1001102
1001103
1001111
1001112
1001113
1001121
1001122
1001201
1001202
1001211
1001212
1001301
1002001
1002002
1002011
1002012
1002021
1002022
1002101
1002102
1002111
1002121
1002201
1002202
1002211
1010001
1010002
1010003
1010011
1010012
1010013
1010021
1010022
1010031
1010101
1010102
1010103
1010111
1010112
1010113
1010121
1010122
1010201
1010202
1010211
1010212
1010221
1011001
1011002
1011003
1011011
1011012
1011013
1011021
1011022
1011031
1011101
1011102
1011103
1011111
1011112
1011113
1011121
1011122
1011201
1011202
1011211
1012001
1012002
1012011
1012012
1012101
1012111
1020001
1020002
1020011
1020012
1020021
1020022
1020101
1020102
1020111
1020112
1020121
1020122
1021001
1021002
1021011
1021021
1021101
1021102
1021111
1022001
1022002
1030001
1030011
1031001
1031011
1100001
1100002
1100003
1100011
1100012
1100013
1100021
1100022
1100031
1100101
1100102
1100103
1100111
1100112
1100113
1100121
1100122
1100201
1100202
1100211
1100212
1100221
1100301
1100311
1101001
1101002
1101003
1101011
1101012
1101013
1101021
1101022
1101031
1101101
1101102
1101103
1101111
1101112
1101113
1101121
1101122
1101201
1101202
1101211
1101212
1101301
1102001
1102002
1102011
1102101
1102102
1102111
1110001
1110002
1110003
1110011
1110012
1110013
1110021
1110022
1110031
1110101
1110102
1110103
1110111
1110112
1110121
1110201
1110202
1110211
1111001
1111002
1111003
1111011
1111012
1111013
1111021
1111022
1111031
1111101
1111102
1111103
1111111
1111112
1111121
1111201
1111202
1111211
1112001
1112002
1112011
1112101
1120001
1120002
1120011
1120012
1120101
1120102
1120111
1121001
1121002
1121011
1121101
1121102
1121111
1122001
1122002
1130001
1130011
1200001
1200002
1200011
1200012
1200101
1200102
1200111
1200112
1200201
1200202
1201001
1201002
1201011
1201012
1201101
1201111
1201201
1202001
1202002
1210001
1210002
1210011
1210101
1210102
1210111
1210201
1210202
1211001
1211002
1211011
1211101
1211111
1212001
1212002
1220001
1220002
1220011
1220101
1220102
1300001
1300011
1300101
1300111
1301001
1301011
1301101
1301111
2000001
2000002
2000011
2000012
2000021
2000022
2000101
2000102
2000111
2000112
2000121
2000122
2000201
2000202
2000211
2000212
2000221
2001001
2001002
2001011
2001012
2001021
2001022
2001101
2001102
2001111
2001112
2001121
2001122
2001201
2001202
2001211
2001212
2002001
2002011
2002021
2002101
2002111
2002121
2002201
2002211
2010001
2010002
2010011
2010012
2010021
2010022
2010101
2010111
2010121
2010201
2010211
2010221
2011001
2011002
2011011
2011012
2011101
2011111
2011201
2011211
2012001
2012011
2020001
2020002
2020011
2020012
2020021
2020022
2020101
2020111
2020121
2021001
2021002
2021011
2021101
2021111
2022001
2100001
2100002
2100011
2100021
2100101
2100102
2100111
2100201
2100202
2100211
2101001
2101002
2101011
2101021
2101101
2101102
2101111
2102001
2102101
2110001
2110002
2110011
2110021
2110101
2110111
2110201
2111001
2111002
2111011
2111101
2111111
2120001
2120002
2120011
2120101
2121001
2121002
2121011
2200001
2200002
2200011
2200101
2200102
2200111
2200201
2200202
2201001
2201002
2201011
2201101
2201111
2202001
2210001
2210002
2210011
2210101
2210201
2211001
2211002
2211011
2211101
3000001
3000011
3000101
3000111
3001001
3001011
3001101
3001111
3010001
3010011
3010101
3010111
3011001
3011011
3011101
3011111
3100001
3100011
3100101
3100111
3101001
3101011
3101101
3101111
3110001
3110011
3110101
3111001
3111011
3111101
10000001
10000002
10000003
10000011
10000012
10000013
10000021
10000022
10000031
10000101
10000102
10000103
10000111
10000112
10000113
10000121
10000122
10000201
10000202
10000211
10000212
10000221
10000301
10000311
10001001
10001002
10001003
10001011
10001012
10001013
10001021
10001022
10001031
10001101
10001102
10001103
10001111
10001112
10001113
10001121
10001122
10001201
10001202
10001211
10001212
10001301
10002001
10002002
10002011
10002012
10002021
10002022
10002101
10002102
10002111
10002121
10002201
10002202
10002211
10003001
10003011
10003101
10003111
10010001
10010002
10010003
10010011
10010012
10010013
10010021
10010022
10010031
10010101
10010102
10010103
10010111
10010112
10010113
10010121
10010122
10010201
10010202
10010211
10010212
10010221
10011001
10011002
10011003
10011011
10011012
10011013
10011021
10011022
10011031
10011101
10011102
10011103
10011111
10011112
10011113
10011121
10011122
10011201
10011202
10011211
10012001
10012002
10012011
10012012
10012101
10012102
10012111
10012201
10012202
10013001
10013011
10020001
10020002
10020011
10020012
10020021
10020022
10020101
10020102
10020111
10020112
10020121
10020122
10020201
10020211
10020221
10021001
10021002
10021011
10021021
10021101
10021102
10021111
10021201
10030001
10030101
10031001
10031101
10100001
10100002
10100003
10100011
10100012
10100013
10100021
10100022
10100031
10100101
10100102
10100103
10100111
10100112
10100113
10100121
10100122
10100201
10100202
10100211
10100212
10100221
10100301
10100311
10101001
10101002
10101003
10101011
10101012
10101013
10101021
10101022
10101031
10101101
10101102
10101103
10101111
10101112
10101113
10101121
10101122
10101201
10101202
10101211
10101212
10101301
10102001
10102002
10102011
10102012
10102021
10102022
10102101
10102102
10102111
10102121
10103001
10103101
10110001
10110002
10110003
10110011
10110012
10110013
10110021
10110022
10110031
10110101
10110102
10110103
10110111
10110112
10110113
10110121
10110122
10110201
10110202
10110211
10110212
10110221
10111001
10111002
10111003
10111011
10111012
10111013
10111021
10111022
10111031
10111101
10111102
10111111
10111112
10111121
10111201
10111211
10112001
10112002
10112011
10112012
10112101
10112111
10113001
10120001
10120002
10120011
10120012
10120101
10120102
10120111
10120112
10120201
10121001
10121002
10121011
10121101
10121111
10130001
10130101
10200001
10200002
10200011
10200012
10200021
10200022
10200101
10200102
10200111
10200112
10200121
10200122
10201001
10201002
10201011
10201012
10201021
10201022
10201101
10201111
10201121
10202001
10202002
10202101
10210001
10210002
10210011
10210021
10210101
10210102
10210111
10211001
10211002
10211011
10211021
10211101
10211111
10212001
10212002
10220001
10220002
10220011
10221001
10221002
10300001
10300011
10300101
10300111
10310001
10310011
10310101
10310111
11000001
11000002
11000003
11000011
11000012
11000013
11000021
11000022
11000031
11000101
11000102
11000103
11000111
11000112
11000113
11000121
11000122
11000201
11000202
11000211
11000212
11000221
11000301
11000311
11001001
11001002
11001003
11001011
11001012
11001013
11001021
11001022
11001031
11001101
11001102
11001103
11001111
11001112
11001113
11001121
11001122
11001201
11001202
11001211
11001212
11001301
11002001
11002002
11002011
11002012
11002021
11002022
11002101
11002102
11002111
11002121
11002201
11002202
11002211
11010001
11010002
11010003
11010011
11010012
11010013
11010021
11010022
11010031
11010101
11010102
11010103
11010111
11010112
11010113
11010121
11010122
11010201
11010202
11010211
11010212
11010221
11011001
11011002
11011003
11011011
11011012
11011021
11011101
11011102
11011103
11011111
11011112
11011121
11011201
11011202
11011211
11012001
11012002
11012011
11012101
11012111
11020001
11020002
11020011
11020012
11020021
11020022
11020101
11020102
11020111
11020112
11021001
11021002
11021011
11021101
11021102
11021111
11030001
11031001
11100001
11100002
11100003
11100011
11100012
11100013
11100021
11100022
11100031
11100101
11100102
11100103
11100111
11100112
11100121
11100201
11100202
11100211
11100301
11101001
11101002
11101003
11101011
11101012
11101013
11101021
11101022
11101031
11101101
11101102
11101103
11101111
11101112
11101121
11101201
11101202
11101211
11101301
11102001
11102002
11102011
11102101
11102102
11102111
11110001
11110002
11110003
11110011
11110012
11110013
11110021
11110022
11110031
11110101
11110102
11110103
11110111
11110112
11110121
11110201
11110202
11110211
11111001
11111002
11111003
11111011
11111012
11111021
11111101
11111102
11111111
11111201
11112001
11112002
11112011
11112101
11120001
11120002
11120011
11120012
11120101
11120102
11120111
11121001
11121002
11121011
11121101
11130001
11200001
11200002
11200011
11200012
11200101
11200102
11200111
11201001
11201002
11201011
11201012
11201101
11201111
11202001
11202002
11210001
11210002
11210011
11210101
11210102
11210111
11211001
11211002
11211011
11211101
11220001
11220002
11220011
11300001
11300011
11300101
12000001
12000002
12000011
12000012
12000101
12000102
12000111
12000112
12000201
12000202
12001001
12001002
12001011
12001012
12001101
12001102
12001111
12001112
12001201
12001202
12002001
12002011
12010001
12010002
12010011
12010012
12010101
12010111
12010201
12011001
12011002
12011011
12011101
12011111
12011201
12012001
12020001
12020002
12020011
12020012
12020101
12100001
12100002
12100011
12100101
12100102
12100111
12100201
12100202
12101001
12101002
12101011
12101101
12101102
12101111
12102001
12110001
12110002
12110011
12110101
12110111
12110201
12111001
12111002
12111011
12111101
12120001
12120002
12120011
12120101
12200001
12200002
12200011
12200101
12200102
12201001
12201002
12201011
12201101
12202001
13000001
13000011
13000101
13000111
13001001
13001011
13001101
13001111
13010001
13010011
13010101
13010111
13011001
13011101
20000001
20000002
20000011
20000012
20000021
20000022
20000101
20000102
20000111
20000112
20000121
20000122
20000201
20000202
20000211
20000212
20000221
20001001
20001002
20001011
20001012
20001021
20001022
20001101
20001102
20001111
20001112
20001121
20001122
20001201
20001202
20001211
20001212
20002001
20002002
20002011
20002012
20002021
20002022
20002101
20002102
20002111
20002121
20002201
20002202
20002211
20010001
20010002
20010011
20010012
20010021
20010022
20010101
20010102
20010111
20010112
20010121
20010122
20010201
20010202
20010211
20010212
20010221
20011001
20011011
20011021
20011101
20011111
20011121
20011201
20011211
20012001
20012011
20012101
20012111
20012201
20020001
20020002
20020011
20020012
20020101
20020102
20020111
20020112
20020201
20020211
20021001
20021011
20021101
20021111
20021201
20100001
20100002
20100011
20100012
20100021
20100022
20100101
20100111
20100121
20100201
20100211
20100221
20101001
20101002
20101011
20101012
20101101
20101111
20101201
20101211
20102001
20102002
20102011
20102012
20102101
20102111
20110001
20110002
20110011
20110012
20110021
20110022
20110101
20110111
20110121
20111001
20111011
20111101
20111111
20112001
20112011
20120001
20120002
20120011
20120012
20120101
20120111
20121001
20200001
20200002
20200011
20200012
20200021
20200022
20200101
20200111
20200121
20201001
20201002
20201011
20201012
20201101
20201111
20210001
20210002
20210011
20210021
20210101
20210111
20211001
20211011
20220001
20220002
20220011
20221001
21000001
21000002
21000011
21000021
21000101
21000102
21000111
21000201
21000202
21000211
21001001
21001002
21001011
21001021
21001101
21001102
21001111
21002001
21002002
21002011
21002021
21002101
21002102
21002111
21010001
21010002
21010011
21010021
21010101
21010102
21010111
21010201
21010202
21010211
21011001
21011011
21011101
21011111
21020001
21020002
21020011
21020101
21020102
21021001
21021101
21100001
21100002
21100011
21100021
21100101
21100111
21100201
21101001
21101002
21101011
21101101
21101111
21102001
21102002
21102011
21102101
21110001
21110002
21110011
21110021
21110101
21110111
21111001
21111011
21111101
21200001
21200002
21200011
21200101
21201001
21201002
21201011
21201101
21210001
21210002
21210011
21210101
22000001
22000002
22000011
22000101
22000102
22000111
22000201
22000202
22001001
22001002
22001011
22001101
22001102
22001111
22002001
22002011
22010001
22010002
22010011
22010101
22010111
22010201
22011001
22011101
22020001
22020002
22020011
22020101
22100001
22100002
22100011
22100101
22100201
22101001
22101002
22101011
22101101
22102001
22110001
22110002
22110011
22110101
22111001
30000001
30000011
30000101
30000111
30001001
30001011
30001101
30001111
30010001
30010011
30010101
30010111
30011001
30011011
30011101
30011111
30100001
30100011
30100101
30100111
30101001
30101011
30101101
30101111
30110001
30110011
30110101
30110111
30111001
30111011
31000001
31000011
31000101
31000111
31001001
31001011
31001101
31001111
31010001
31010011
31010101
31010111
31011001
31011101
31100001
31100011
31100101
31101001
31101011
31101101
31110001
31110011
31110101
31111001
100000001
100000002
100000003
100000011
100000012
100000013
100000021
100000022
100000031
100000101
100000102
100000103
100000111
100000112
100000113
100000121
100000122
100000201
100000202
100000211
100000212
100000221
100000301
100000311
100001001
100001002
100001003
100001011
100001012
100001013
100001021
100001022
100001031
100001101
100001102
100001103
100001111
100001112
100001113
100001121
100001122
100001201
100001202
100001211
100001212
100001301
100002001
100002002
100002011
100002012
100002021
100002022
100002101
100002102
100002111
100002121
100002201
100002202
100002211
100003001
100003011
100003101
100003111
100010001
100010002
100010003
100010011
100010012
100010013
100010021
100010022
100010031
100010101
100010102
100010103
100010111
100010112
100010113
100010121
100010122
100010201
100010202
100010211
100010212
100010221
100011001
100011002
100011003
100011011
100011012
100011013
100011021
100011022
100011031
100011101
100011102
100011103
100011111
100011112
100011113
100011121
100011122
100011201
100011202
100011211
100012001
100012002
100012011
100012012
100012101
100012102
100012111
100012201
100012202
100013001
100013011
100020001
100020002
100020011
100020012
100020021
100020022
100020101
100020102
100020111
100020112
100020121
100020122
100020201
100020211
100020221
100021001
100021002
100021011
100021021
100021101
100021102
100021111
100021201
100022001
100022002
100022011
100022101
100022102
100022111
100100001
100100002
100100003
100100011
100100012
100100013
100100021
100100022
100100031
100100101
100100102
100100103
100100111
100100112
100100113
100100121
100100122
100100201
100100202
100100211
100100212
100100221
100100301
100100311
100101001
100101002
100101003
100101011
100101012
100101013
100101021
100101022
100101031
100101101
100101102
100101103
100101111
100101112
100101113
100101121
100101122
100101201
100101202
100101211
100101212
100101301
100102001
100102002
100102011
100102012
100102021
100102022
100102101
100102102
100102111
100102121
100103001
100103101
100110001
100110002
100110003
100110011
100110012
100110013
100110021
100110022
100110031
100110101
100110102
100110103
100110111
100110112
100110113
100110121
100110122
100110201
100110202
100110211
100110212
100110221
100111001
100111002
100111003
100111011
100111012
100111013
100111021
100111022
100111031
100111101
100111102
100111103
100111111
100111112
100111121
100111201
100111202
100111211
100112001
100112002
100112011
100112012
100112101
100112102
100112111
100113001
100120001
100120002
100120011
100120012
100120101
100120102
100120111
100120112
100120201
100121001
100121011
100121101
100121111
100121201
100200001
100200002
100200011
100200012
100200021
100200022
100200101
100200102
100200111
100200112
100200121
100200122
100200201
100200202
100200211
100200212
100200221
100201001
100201002
100201011
100201012
100201021
100201022
100201101
100201111
100201121
100201201
100201211
100210001
100210002
100210011
100210021
100210101
100210102
100210111
100210201
100210202
100210211
100211001
100211002
100211011
100211021
100211101
100211111
100220001
100220002
100220101
100220102
100220201
100300001
100300011
100301001
100301011
100310001
100310011
100311001
100311011
101000001
101000002
101000003
101000011
101000012
101000013
101000021
101000022
101000031
101000101
101000102
101000103
101000111
101000112
101000113
101000121
101000122
101000201
101000202
101000211
101000212
101000221
101000301
101000311
101001001
101001002
101001003
101001011
101001012
101001013
101001021
101001022
101001031
101001101
101001102
101001103
101001111
101001112
101001113
101001121
101001122
101001201
101001202
101001211
101001212
101001301
101002001
101002002
101002011
101002012
101002021
101002022
101002101
101002102
101002111
101002121
101002201
101002202
101002211
101010001
101010002
101010003
101010011
101010012
101010013
101010021
101010022
101010031
101010101
101010102
101010103
101010111
101010112
101010113
101010121
101010122
101010201
101010202
101010211
101010212
101010221
101011001
101011002
101011003
101011011
101011012
101011013
101011021
101011022
101011031
101011101
101011102
101011103
101011111
101011112
101011113
101011121
101011122
101011201
101011202
101011211
101012001
101012002
101012011
101012012
101012101
101012111
101020001
101020002
101020011
101020012
101020021
101020022
101020101
101020111
101020121
101021001
101021002
101021011
101021021
101021101
101021111
101022001
101022002
101100001
101100002
101100003
101100011
101100012
101100013
101100021
101100022
101100031
101100101
101100102
101100103
101100111
101100112
101100113
101100121
101100122
101100201
101100202
101100211
101100212
101100221
101100301
101100311
101101001
101101002
101101003
101101011
101101012
101101013
101101021
101101022
101101031
101101101
101101102
101101111
101101112
101101121
101101122
101101201
101101211
101102001
101102002
101102011
101102101
101102111
101110001
101110002
101110003
101110011
101110012
101110013
101110021
101110022
101110031
101110101
101110102
101110103
101110111
101110112
101110121
101110201
101110202
101110211
101111001
101111002
101111003
101111011
101111012
101111013
101111021
101111022
101111101
101111102
101111111
101111112
101111121
101111201
101111211
101112001
101112002
101112011
101112101
101120001
101120002
101120011
101120012
101120101
101120111
101121001
101121011
101200001
101200002
101200011
101200012
101200101
101200102
101200111
101200112
101200201
101200202
101201001
101201002
101201011
101201012
101201101
101201111
101210001
101210002
101210011
101210101
101210102
101210111
101211001
101211002
101211011
101211101
101211111
101220001
101220002
101300001
101300011
101301001
101301011
102000001
102000002
102000011
102000012
102000021
102000022
102000101
102000102
102000111
102000112
102000121
102000122
102001001
102001002
102001011
102001012
102001021
102001022
102001101
102001102
102001111
102001112
102001121
102001122
102002001
102002101
102010001
102010002
102010011
102010012
102010021
102010022
102010101
102010111
102010121
102011001
102011002
102011011
102011012
102011101
102011111
102012001
102020001
102020002
102020011
102020012
102020021
102020022
102021001
102021002
102021011
102022001
102100001
102100002
102100011
102100021
102100101
102100102
102100111
102101001
102101002
102101011
102101021
102101101
102101111
102102001
102110001
102110002
102110011
102110021
102110101
102110111
102111001
102111002
102111011
102111101
102111111
102120001
102120002
102120011
102121001
102200001
102200002
102200011
102200101
102200102
102200111
102210001
102210002
102210011
103000001
103000011
103000101
103000111
103001001
103001011
103001101
103001111
103100001
103100011
103100101
103100111
103101001
103101011
110000001
110000002
110000003
110000011
110000012
110000013
110000021
110000022
110000031
110000101
110000102
110000103
110000111
110000112
110000113
110000121
110000122
110000201
110000202
110000211
110000212
110000221
110000301
110000311
110001001
110001002
110001003
110001011
110001012
110001013
110001021
110001022
110001031
110001101
110001102
110001103
110001111
110001112
110001113
110001121
110001122
110001201
110001202
110001211
110001212
110001301
110002001
110002002
110002011
110002012
110002021
110002022
110002101
110002102
110002111
110002121
110002201
110002202
110002211
110003001
110003011
110003101
110003111
110010001
110010002
110010003
110010011
110010012
110010013
110010021
110010022
110010031
110010101
110010102
110010103
110010111
110010112
110010113
110010121
110010122
110010201
110010202
110010211
110010212
110010221
110011001
110011002
110011003
110011011
110011012
110011013
110011021
110011022
110011031
110011101
110011102
110011103
110011111
110011112
110011113
110011121
110011122
110011201
110011202
110011211
110012001
110012002
110012011
110012012
110012101
110012102
110012111
110012201
110012202
110013001
110013011
110020001
110020002
110020011
110020101
110020102
110020111
110020201
110020211
110021001
110021002
110021011
110021101
110021102
110021111
110021201
110100001
110100002
110100003
110100011
110100012
110100013
110100021
110100022
110100031
110100101
110100102
110100103
110100111
110100112
110100113
110100121
110100122
110100201
110100202
110100211
110100212
110100221
110100301
110100311
110101001
110101002
110101003
110101011
110101012
110101021
110101101
110101102
110101103
110101111
110101112
110101121
110101201
110101202
110101211
110101212
110101301
110102001
110102002
110102011
110102101
110102102
110102111
110103001
110103101
110110001
110110002
110110003
110110011
110110012
110110013
110110021
110110022
110110031
110110101
110110102
110110103
110110111
110110112
110110113
110110121
110110122
110110201
110110202
110110211
110110212
110111001
110111002
110111003
110111011
110111012
110111021
110111101
110111102
110111111
110111112
110111121
110111201
110111211
110112001
110112002
110112011
110112101
110112111
110113001
110120001
110120002
110120011
110120101
110120102
110120111
110120201
110121001
110121101
110200001
110200002
110200011
110200012
110200021
110200022
110200101
110200102
110200111
110200112
110200121
110200122
110201001
110201002
110201011
110201101
110201111
110210001
110210002
110210011
110210021
110210101
110210102
110210111
110211001
110211002
110211011
110211101
110211111
110220001
110220002
110300001
110300011
110310001
110310011
111000001
111000002
111000003
111000011
111000012
111000013
111000021
111000022
111000031
111000101
111000102
111000103
111000111
111000112
111000121
111000201
111000202
111000211
111000301
111001001
111001002
111001003
111001011
111001012
111001013
111001021
111001022
111001031
111001101
111001102
111001103
111001111
111001112
111001121
111001201
111001202
111001211
111001301
111002001
111002002
111002011
111002012
111002021
111002022
111002101
111002102
111002111
111002201
111002202
111010001
111010002
111010003
111010011
111010012
111010013
111010021
111010022
111010031
111010101
111010102
111010103
111010111
111010112
111010121
111010201
111010202
111010211
111011001
111011002
111011003
111011011
111011012
111011021
111011101
111011102
111011103
111011111
111011112
111011121
111011201
111011202
111011211
111012001
111012002
111012011
111012101
111012111
111020001
111020002
111020011
111020101
111021001
111021002
111021011
111021101
111100001
111100002
111100003
111100011
111100012
111100013
111100021
111100022
111100031
111100101
111100102
111100103
111100111
111100112
111100121
111100201
111100202
111100211
111100301
111101001
111101002
111101003
111101011
111101012
111101021
111101101
111101102
111101111
111101201
111102001
111102002
111102011
111102101
111110001
111110002
111110003
111110011
111110012
111110013
111110021
111110022
111110031
111110101
111110102
111110103
111110111
111110112
111110121
111110201
111110202
111110211
111111001
111111002
111111003
111111011
111111012
111111021
111111101
111111102
111111111
111111201
111112001
111112002
111112011
111112101
111120001
111120002
111120011
111120101
111121001
111200001
111200002
111200011
111200012
111200101
111200102
111200111
111201001
111201002
111201011
111201101
111210001
111210002
111210011
111210101
111210102
111210111
111211001
111211002
111211011
111220001
111220002
111300001
111300011
112000001
112000002
112000011
112000012
112000101
112000102
112000111
112001001
112001002
112001011
112001012
112001101
112001102
112001111
112002001
112010001
112010002
112010011
112010012
112010101
112010111
112011001
112011002
112011011
112011101
112011111
112012001
112020001
112020002
112020011
112100001
112100002
112100011
112100101
112100102
112100111
112101001
112101002
112101011
112101101
112102001
112110001
112110002
112110011
112110101
112110111
112111001
112111002
112111011
112111101
112200001
112200002
112200011
112200101
112200102
113000001
113000011
113000101
113001001
113001011
113001101
120000001
120000002
120000011
120000012
120000101
120000102
120000111
120000112
120000201
120000202
120001001
120001002
120001011
120001012
120001101
120001102
120001111
120001112
120001201
120001202
120002001
120002002
120002011
120002012
120010001
120010002
120010011
120010012
120010101
120010102
120010111
120010112
120010201
120010202
120011001
120011011
120011101
120011111
120011201
120012001
120012011
120020001
120020002
120020101
120020102
120020201
120100001
120100002
120100011
120100012
120100101
120100111
120100201
120101001
120101002
120101011
120101101
120101111
120101201
120102001
120102002
120110001
120110002
120110011
120110012
120110101
120110111
120111001
120111011
120111101
120111111
120112001
120120001
120120002
120120101
120200001
120200002
120200011
120200012
120200101
120200111
120201001
120201002
121000001
121000002
121000011
121000101
121000102
121000111
121000201
121000202
121001001
121001002
121001011
121001101
121001102
121001111
121002001
121002002
121002011
121010001
121010002
121010011
121010101
121010102
121010111
121010201
121010202
121011001
121011011
121011101
121011111
121020001
121020002
121020101
121100001
121100002
121100011
121100101
121100111
121100201
121101001
121101002
121101011
121101101
121102001
121102002
121110001
121110002
121110011
121110101
121110111
121111001
121111011
121111101
121200001
121200002
121200011
121200101
121201001
121201002
122000001
122000002
122000011
122000101
122000102
122001001
122001002
122001011
122001101
122001102
122002001
122010001
122010002
122010011
122010101
122011001
122020001
122020002
130000001
130000011
130000101
130000111
130001001
130001011
130001101
130001111
130010001
130010011
130010101
130010111
130011001
130011011
130011101
130011111
130100001
130100011
130100101
130100111
130101001
130101101
130110001
130110011
130110101
130111001
200000001
200000002
200000011
200000012
200000021
200000022
200000101
200000102
200000111
200000112
200000121
200000122
200000201
200000202
200000211
200000212
200000221
200001001
200001002
200001011
200001012
200001021
200001022
200001101
200001102
200001111
200001112
200001121
200001122
200001201
200001202
200001211
200001212
200002001
200002002
200002011
200002012
200002021
200002022
200002101
200002102
200002111
200002121
200002201
200002202
200002211
200010001
200010002
200010011
200010012
200010021
200010022
200010101
200010102
200010111
200010112
200010121
200010122
200010201
200010202
200010211
200010212
200010221
200011001
200011002
200011011
200011012
200011021
200011022
200011101
200011102
200011111
200011112
200011121
200011122
200011201
200011202
200011211
200012001
200012002
200012011
200012012
200012101
200012102
200012111
200012201
200012202
200020001
200020011
200020021
200020101
200020111
200020121
200020201
200020211
200020221
200021001
200021011
200021021
200021101
200021111
200021201
200022001
200022011
200022101
200022111
200100001
200100002
200100011
200100012
200100021
200100022
200100101
200100102
200100111
200100112
200100121
200100122
200100201
200100202
200100211
200100212
200100221
200101001
200101011
200101021
200101101
200101111
200101121
200101201
200101211
200102001
200102011
200102021
200102101
200102111
200102121
200110001
200110002
200110011
200110012
200110101
200110102
200110111
200110112
200110201
200110202
200110211
200110212
200111001
200111011
200111101
200111111
200111201
200111211
200112001
200112011
200112101
200112111
200120001
200120011
200120101
200120111
200120201
200200001
200200002
200200011
200200012
200200021
200200022
200200101
200200102
200200111
200200112
200200121
200200122
200201001
200201011
200201021
200201101
200201111
200201121
200210001
200210002
200210011
200210101
200210102
200210111
200211001
200211011
200211101
200211111
200220001
200220101
201000001
201000002
201000011
201000012
201000021
201000022
201000101
201000111
201000121
201000201
201000211
201000221
201001001
201001002
201001011
201001012
201001101
201001111
201001201
201001211
201002001
201002002
201002011
201002012
201002101
201002111
201002201
201002211
201010001
201010002
201010011
201010012
201010021
201010022
201010101
201010111
201010121
201011001
201011002
201011011
201011012
201011101
201011111
201012001
201012002
201012011
201012012
201012101
201012111
201020001
201020011
201020021
201021001
201021011
201022001
201100001
201100002
201100011
201100012
201100021
201100022
201100101
201100111
201100121
201100201
201100211
201100221
201101001
201101011
201101101
201101111
201110001
201110002
201110011
201110012
201110101
201110111
201111001
201111011
201111101
201111111
201120001
201120011
201200001
201200002
201200011
201200012
201200101
201200111
201201001
201201011
201210001
201210002
201210011
201211001
201220001
202000001
202000002
202000011
202000012
202000021
202000022
202000101
202000111
202000121
202001001
202001002
202001011
202001012
202001101
202001111
202002001
202002101
202010001
202010002
202010011
202010012
202010021
202010022
202010101
202010111
202010121
202011001
202011002
202011011
202011012
202011101
202011111
202012001
202100001
202100002
202100011
202100021
202100101
202100111
202101001
202101011
202110001
202110002
202110011
202110101
202110111
202111001
202200001
202200002
202200011
202200101
202200111
202210001
202210002
202210011
210000001
210000002
210000011
210000021
210000101
210000102
210000111
210000201
210000202
210000211
210001001
210001002
210001011
210001021
210001101
210001102
210001111
210002001
210002002
210002011
210002021
210002101
210002102
210002111
210010001
210010002
210010011
210010021
210010101
210010102
210010111
210010201
210010202
210010211
210011001
210011002
210011011
210011021
210011101
210011102
210011111
210020001
210020101
210020201
210021001
210021101
210100001
210100002
210100011
210100021
210100101
210100102
210100111
210100201
210100202
210100211
210101001
210101011
210101101
210101111
210102001
210102101
210110001
210110002
210110011
210110101
210110102
210110111
210110201
210110202
210111001
210111011
210111101
210111111
210200001
210200002
210200011
210200021
210200101
210200102
210200111
210201001
210210001
210210002
210210011
210210101
210210102
210211001
211000001
211000002
211000011
211000021
211000101
211000111
211000201
211001001
211001002
211001011
211001101
211001111
211002001
211002002
211002011
211002101
211010001
211010002
211010011
211010021
211010101
211010111
211011001
211011002
211011011
211011101
211011111
211020001
211021001
211100001
211100002
211100011
211100021
211100101
211100111
211100201
211101001
211101011
211101101
211110001
211110002
211110011
211110101
211110111
211111001
211111011
211111101
212000001
212000002
212000011
212000101
212001001
212001002
212001011
212001101
212002001
212010001
212010002
212010011
212010101
212011001
212011002
212011011
212100001
212100002
212100011
212100101
212101001
212101011
220000001
220000002
220000011
220000101
220000102
220000111
220000201
220000202
220001001
220001002
220001011
220001101
220001102
220001111
220002001
220002002
220002011
220010001
220010002
220010011
220010101
220010102
220010111
220010201
220010202
220011001
220011011
220011101
220011111
220020001
220020101
220020201
220100001
220100002
220100011
220100101
220100111
220100201
220101001
220101101
220102001
220110001
220110002
220110011
220110101
220111001
220111101
220200001
220200002
220200011
220200101
220200111
220201001
221000001
221000002
221000011
221000101
221000201
221001001
221001002
221001011
221001101
221002001
221002002
221002011
221010001
221010002
221010011
221010101
221011001
221011011
221020001
221100001
221100002
221100011
221100101
221100201
221101001
221101101
221110001
221110002
221110011
221110101
300000001
300000011
300000101
300000111
300001001
300001011
300001101
300001111
300010001
300010011
300010101
300010111
300011001
300011011
300011101
300011111
300100001
300100011
300100101
300100111
300101001
300101011
300101101
300101111
300110001
300110011
300110101
300110111
300111001
300111011
300111101
300111111
301000001
301000011
301000101
301000111
301001001
301001011
301001101
301001111
301010001
301010011
301010101
301010111
301011001
301011011
301011101
301011111
301100001
301100011
301100101
301100111
301101001
301101011
301110001
301110011
301110101
301110111
301111001
310000001
310000011
310000101
310000111
310001001
310001011
310001101
310001111
310010001
310010011
310010101
310010111
310011001
310011011
310011101
310011111
310100001
310100011
310100101
310100111
310101001
310101101
310110001
310110011
310110101
310111001
310111101
311000001
311000011
311000101
311001001
311001011
311001101
311010001
311010011
311010101
311011001
311011011
311100001
311100011
311100101
311101001
311110001
311110011
311110101
total = 3872
