10
8 2 4 7 5 1 6 9 3 9
2
1 1
4
2 2 2 2
35
1 3 4 5 5 5 6 6 6 7 7 7 7 7 7 7 7 7 7 7 7 7 7 7 7 7 7 8 8 8 8 8 8 8 8
22
2 2 4 4 5 5 5 5 5 5 6 6 6 6 6 6 6 6 6 6 6 6
28
1 3 4 5 5 6 6 6 6 6 6 6 6 6 7 7 7 7 7 7 7 7 7 7 7 7 7 7
5
1 2 3 4 4
50
3 3 3 4 4 4 5 5 5 5 5 5 5 6 6 6 6 7 7 7 7 7 7 7 8 8 8 8 8 8 8 8 8 8 8 8 8 8 8 8 8 8 8 8 8 8 8 8 8 8
16
4 4 4 4 4 4 4 4 4 4 4 4 4 4 4 4
10
1 2 3 4 5 6 7 8 9 9
50
29 48 47 35 10 39 49 43 46 14 37 8 1 7 40 49 34 36 12 45 16 21 18 41 6 33 23 24 15 38 19 3 26 25 32 22 31 27 20 42 11 9 13 28 44 2 4 17 30 5
2
1 1
4
1 2 3 3
2
1 1
4
1 2 3 3
50
4 4 4 5 5 5 5 5 6 6 6 6 6 6 6 6 6 6 6 6 6 6 6 6 6 6 6 6 6 6 6 6 6 6 6 6 6 6 6 6 6 6 6 6 6 6 6 6 6 6
2
1 1
2
1 1
40
2 3 3 4 4 6 6 6 6 6 6 6 6 6 6 6 6 6 7 7 7 7 7 7 7 7 7 7 7 7 7 7 7 7 7 7 7 7 7 7
4
2 2 2 2
43
3 3 4 4 4 5 5 5 5 6 6 6 6 6 6 6 6 6 6 6 6 6 6 6 6 6 6 6 6 6 6 7 7 7 7 7 7 7 7 7 7 7 7
33
1 6 6 6 6 6 6 6 6 6 6 6 6 6 6 6 6 6 6 6 6 6 6 6 6 6 6 6 6 6 6 6 6
2
1 1
50
2 2 3 4 5 5 5 6 7 7 7 7 7 7 7 7 7 7 8 8 8 8 8 8 8 8 8 8 8 8 8 8 8 8 8 8 8 8 8 8 8 8 8 8 8 8 8 8 8 8
2
1 1
50
2 2 3 3 4 5 6 6 6 7 7 7 7 7 8 8 8 8 8 8 8 9 9 9 9 9 9 9 9 9 9 9 9 9 9 9 10 10 10 10 10 10 10 10 10 10 10 10 10 10
5
1 2 3 4 4
50
2 3 4 4 5 5 6 6 6 6 6 6 6 6 6 6 6 6 7 7 7 7 7 7 7 7 7 7 7 7 7 7 7 7 7 7 7 7 7 7 7 7 7 7 7 7 7 7 7 7
7
5 1 2 5 5 3 5
9
3 3 5 3 2 3 5 4 3
6
2 5 5 3 1 4
48
24 4 13 4 24 14 4 1 11 22 8 22 16 25 5 17 18 18 8 5 8 7 22 9 9 16 19 15 7 3 6 4 21 22 25 13 17 10 14 18 22 25 16 16 8 9 25 7
19
4 14 18 9 7 15 6 18 12 11 8 13 2 1 16 17 3 5 10
5
4 4 1 3 2
50
5 3 8 10 11 17 4 9 8 6 13 6 17 3 5 12 9 6 9 6 6 15 7 7 9 7 7 4 3 7 5 13 6 6 9 4 10 13 7 5 5 6 11 9 16 12 6 4 7 14
50
6 6 7 7 7 5 6 6 7 5 6 7 6 6 6 5 5 7 6 7 6 6 7 5 5 5 6 6 5 6 5 5 7 6 6 6 6 6 7 4 5 6 5 6 7 5 6 5 7 4
50
13 6 7 9 10 5 12 3 12 11 18 17 7 16 6 11 3 17 10 15 14 4 16 9 16 11 14 15 2 8 17 4 4 14 5 9 8 6 12 17 5 7 15 10 18 17 3 13 13 8
4
2 1 3 3
49
14 7 11 15 20 3 11 15 25 8 20 10 4 16 23 23 11 13 24 8 16 3 20 20 5 23 10 15 18 5 24 19 25 22 13 8 7 1 20 4 8 18 8 23 6 7 24 15 16
9
2 5 5 5 5 5 1 5 4
8
6 5 2 5 3 1 5 6
9
2 2 6 5 5 5 2 3 6
8
4 1 5 4 5 3 4 3
4
2 2 2 2
49
6 9 8 5 7 14 5 6 15 15 5 10 13 5 6 10 10 10 5 4 10 14 18 16 10 4 8 10 6 6 15 5 10 8 9 5 9 18 10 7 8 11 7 13 6 1 18 18 7
28
6 5 4 4 6 5 5 6 4 5 6 6 5 4 4 5 5 6 6 5 4 4 5 5 4 5 6 5
49
40 9 8 35 7 24 36 13 29 23 48 22 21 16 2 26 45 4 39 17 3 46 33 11 48 10 28 31 43 25 41 37 15 20 14 19 38 47 1 42 18 34 12 6 44 30 27 5 32
9
5 2 6 1 6 6 3 5 6
22
9 5 2 11 3 8 12 8 7 7 7 12 3 8 10 6 3 3 7 6 6 3
50
3 18 1 23 2 48 31 45 40 49 8 22 7 12 44 42 41 26 38 15 25 34 4 17 33 14 30 11 10 24 46 19 13 37 6 47 9 21 5 35 28 39 43 27 20 49 29 32 16 36
9
4 6 7 4 1 7 4 5 2
8
4 3 1 6 6 6 2 6
32
9 8 9 7 8 10 8 10 7 6 5 7 9 6 2 4 7 6 5 8 5 9 8 10 8 2 7 10 4 5 8 3
5
3 2 2 2 3
9
6 4 4 6 4 6 1 2 6
7
2 2 3 5 4 5 2
7
1 4 3 3 4 4 4
21
3 7 5 7 6 11 10 10 4 3 9 9 8 5 2 4 6 11 10 2 8
6
3 2 2 4 2 4
9
5 5 5 2 5 4 2 4 2
7
4 2 2 2 4 4 4
49
6 4 12 15 3 14 11 9 6 13 5 10 7 16 15 13 16 10 16 18 9 3 17 18 12 14 17 8 13 12 10 6 7 2 9 5 7 16 15 3 5 8 4 4 11 11 8 14 17
6
3 3 4 3 4 1
50
15 14 4 15 5 4 16 17 5 18 3 2 18 24 11 10 16 24 18 12 3 12 8 18 11 19 21 16 6 12 11 6 5 8 24 24 18 22 12 21 15 22 12 6 5 4 16 3 22 8
8
3 2 4 4 4 4 2 3
48
5 6 5 5 6 6 6 5 5 6 6 6 6 5 6 6 6 5 6 6 5 6 6 6 6 6 5 6 5 6 6 5 5 5 6 5 5 6 5 6 6 6 6 6 6 6 6 6
9
5 7 3 1 4 7 2 7 7
48
7 7 6 4 4 6 7 7 6 6 4 6 5 6 5 6 6 5 4 7 6 6 7 5 6 5 6 7 7 6 4 5 7 6 5 6 7 6 6 6 6 7 7 7 6 5 7 6
8
5 4 3 3 6 6 1 3
8
5 4 2 5 2 3 3 3
22
3 5 4 5 6 5 4 4 6 4 6 5 5 3 4 5 6 6 5 4 6 4
49
8 4 9 4 8 6 8 9 9 7 8 9 4 6 8 8 7 6 6 8 6 7 8 6 7 7 8 4 3 7 7 8 9 8 6 6 8 6 8 2 7 8 5 8 6 6 9 7 5
50
6 5 6 5 6 6 5 6 6 6 6 6 6 5 5 5 5 6 5 6 6 6 6 6 5 5 6 6 5 6 6 6 6 6 6 6 6 6 5 6 6 6 6 6 6 6 6 5 6 5
48
24 12 2 21 19 5 2 16 6 8 18 9 23 7 20 10 17 19 11 18 13 3 17 9 14 8 15 22 20 24 24 13 11 24 23 4 6 15 22 21 14 5 10 12 3 16 4 7
8
2 6 3 6 5 2 4 2
9
3 3 5 6 3 7 4 1 7
3
2 2 1
9
2 4 4 2 6 5 2 6 4
2
1 1
9
3 6 4 3 2 2 6 3 5
21
5 5 5 4 4 4 4 4 5 4 4 5 5 5 5 4 4 5 4 5 4
8
3 2 3 4 3 3 3 4
9
4 1 4 4 4 4 4 4 4
9
5 4 5 6 5 1 4 6 2
5
3 3 1 3 3
9
4 4 2 3 4 4 3 3 3
6
1 4 2 4 4 4
7
3 3 4 2 2 3 4
9
3 6 4 6 1 6 3 6 3
8
4 4 6 5 6 4 2 1
9
3 4 3 4 2 2 4 5 5
32
5 5 5 5 5 5 5 5 5 5 5 5 5 5 5 5 5 5 5 5 5 5 5 5 5 5 5 5 5 5 5 5
9
6 6 2 3 6 6 2 2 4
9
3 5 5 5 3 6 3 6 1
49
6 5 7 5 5 5 7 8 8 6 5 5 7 4 6 6 5 7 6 6 7 6 6 6 6 6 7 5 6 4 6 6 7 6 7 5 6 7 5 5 7 6 6 7 4 7 7 6 4
8
1 4 3 4 4 4 4 4
9
4 1 3 5 4 5 3 5 5
49
5 7 2 12 24 23 16 13 17 22 6 17 4 10 23 3 19 5 19 16 15 6 9 13 4 7 18 21 8 24 20 21 8 15 11 9 25 24 25 10 12 3 11 18 20 2 14 14 22
48
15 3 15 7 6 4 10 13 5 5 15 6 4 8 15 10 6 7 5 5 6 11 7 12 7 6 6 5 8 8 4 14 10 8 6 10 14 7 9 14 5 14 3 12 3 4 6 11
9
4 5 1 4 3 5 4 4 4
8
4 4 2 5 2 2 5 4
8
5 2 2 3 5 2 5 5
50
8 5 8 10 8 7 9 8 9 7 10 8 7 8 10 9 8 7 8 9 8 9 9 6 8 2 8 8 8 9 9 8 7 10 9 6 9 7 8 8 7 8 8 1 9 8 6 7 9 7
7
3 3 4 1 5 3 5
50
19 13 11 16 24 14 10 5 20 6 5 12 6 2 25 19 9 11 16 4 7 3 17 22 4 23 21 25 13 14 20 25 10 9 18 18 24 7 3 8 15 21 12 8 23 15 2 17 22 25
49
6 6 5 6 6 6 6 6 5 6 6 6 6 6 6 6 6 5 5 6 6 5 6 6 6 6 5 6 6 6 6 6 5 6 6 5 5 6 5 5 6 6 6 5 6 5 5 5 6
9
4 5 1 3 6 4 6 4 3
18
7 5 7 5 3 6 7 4 3 4 2 6 4 5 7 6 6 3
18
3 8 8 8 7 7 7 5 7 8 8 1 6 7 7 2 7 8
8
5 4 5 5 2 1 5 4
9
3 3 4 3 3 3 4 3 3
7
1 2 4 4 4 5 5
9
5 5 2 3 5 3 3 2 5
8
3 1 3 3 5 5 5 5
9
7 5 7 5 3 2 1 6 5
7
3 3 2 3 3 3 3
48
10 5 9 5 6 2 7 7 6 7 9 8 6 9 11 10 7 11 10 4 7 11 6 5 10 7 6 6 11 8 10 8 9 6 6 10 7 9 6 5 4 3 6 11 3 10 7 11
9
2 1 6 4 7 7 6 3 6
7
6 4 1 6 3 2 5
6
2 3 3 2 3 3
8
1 5 2 7 7 3 4 6
8
3 3 3 3 3 3 3 3
30
8 15 11 6 18 3 11 8 1 4 16 11 4 4 13 17 18 6 13 16 8 4 13 11 11 16 4 10 15 6
48
11 10 16 2 15 6 14 5 17 16 16 12 11 12 5 10 6 4 11 14 12 10 13 13 16 9 9 9 15 8 15 4 14 17 8 3 13 6 8 3 7 7 17 3 5 17 7 4
9
4 7 8 3 1 6 5 2 8
31
10 1 8 6 5 8 5 6 7 7 9 6 7 9 9 10 12 4 3 9 11 5 4 11 9 6 5 9 12 6 11
21
5 2 8 11 12 5 7 5 3 11 2 3 12 4 4 11 10 8 10 8 7
48
37 3 5 16 26 35 39 18 8 7 29 15 45 47 41 38 12 44 42 28 19 9 30 10 27 22 17 13 46 23 43 25 33 32 1 31 2 47 20 6 11 34 4 40 24 14 36 21
9
7 2 7 6 4 2 3 5 2
9
4 2 2 3 4 4 4 4 4
