150
38 120
12 0 103
25 0 112
42 69 120
36 1 120
75 31 120
85 16 120
15 36 88
29 0 72
22 14 120
10 51 120
11 0 92
103 0 83
6 60 120
49 0 66
9 0 104
31 4 120
93 28 120
32 0 115
89 0 93
78 0 105
73 51 120
1 43 120
67 92 120
64 3 120
76 8 120
50 0 113
19 0 107
46 0 117
98 2 120
21 27 64
59 0 109
27 18 120
55 0 112
72 1 61
24 6 120
48 0 113
105 22 120
95 0 97
47 456
58 0 362
45 0 210
16 0 192
54 124 432
32 301 456
3 0 298
9 246 456
42 0 200
26 0 449
61 170 417
39 2 142
35 231 456
34 120 456
47 207 456
12 0 336
17 125 456
23 11 456
59 0 449
21 11 456
37 123 456
27 98 456
20 0 456
0 0 380
24 7 456
64 0 307
51 21 253
6 229 456
10 0 242
50 233 456
39 171 428
5 79 456
40 0 427
62 0 356
55 114 317
53 34 456
1 125 456
48 0 307
28 0 243
56 0 222
4 0 277
14 179 456
49 148 341
13 0 327
29 14 456
30 0 141
31 101 456
36 193 354
45 478
35 0 285
3 215 478
23 214 432
26 0 447
48 92 281
11 41 478
6 112 478
67 156 478
61 0 229
18 158 478
52 0 230
31 0 197
1 0 456
32 0 455
53 0 116
17 257 478
25 61 478
21 176 478
27 244 417
13 1 333
34 3 182
64 0 294
8 293 478
55 0 478
47 0 462
40 0 339
0 0 301
30 118 478
4 0 440
51 264 424
57 0 398
45 202 478
41 21 158
59 161 452
58 319 478
46 178 478
60 0 214
43 0 137
46 0 168
66 30 478
28 0 423
56 112 478
61 293 478
14 0 270
65 180 478
25 614
3 497 552
3 133 298
12 395 522
9 112 493
11 567 614
0 364 401
4 105 386
2 0 449
4 73 80
4 475 505
6 275 423
1 20 380
10 29 180
0 41 352
8 56 157
6 0 70
11 284 317
7 247 385
10 212 614
8 422 469
12 0 337
8 504 557
1 399 598
3 424 459
0 452 486
43 644
4 0 488
39 0 558
80 162 644
28 0 640
49 99 644
95 237 644
2 0 412
123 0 558
31 107 644
97 480 644
121 139 644
32 0 307
133 0 611
35 82 413
11 0 405
34 0 630
88 0 322
104 0 617
43 185 630
37 0 461
68 206 644
41 23 410
103 47 184
65 215 644
102 0 629
147 0 468
134 166 352
25 213 500
22 0 390
29 62 644
44 0 499
3 180 644
5 63 644
136 276 644
81 0 302
148 0 283
19 0 231
61 0 612
59 6 644
7 23 644
45 93 465
84 0 239
98 0 282
50 96650
100000 69037 96650
25487 0 86237
39640 0 52868
29771 29890 96650
22707 8244 96650
30066 0 53533
55320 16053 96650
87888 0 88982
67877 0 87623
33157 52756 80956
61094 0 94840
94917 8695 86597
64098 13611 96650
35233 10140 96650
57021 0 84064
93234 29203 96650
75342 31997 96650
41840 0 86462
418 22082 96650
15681 41422 96650
29233 0 55240
42599 17018 96650
94142 29713 52961
80948 0 94101
50183 0 86687
18125 38871 96650
29812 31305 96595
95970 14654 96650
91047 0 93274
59496 35224 96650
52807 14419 72171
26683 6478 96650
2970 0 91157
50652 0 78889
11420 20710 96650
2463 0 73200
88708 0 76942
49448 1574 31434
22640 0 95838
48806 10854 96650
59667 32024 96650
69108 0 87094
26785 69041 95222
78582 0 43910
36803 0 87114
57888 0 86823
30038 28416 68768
65727 42994 96650
60454 0 58557
12124 11764 96650
50 100000
0 1 100000
1 0 99999
2 1 100000
3 0 99999
4 1 100000
5 0 99999
6 1 100000
7 0 99999
8 1 100000
9 0 99999
10 1 100000
11 0 99999
12 1 100000
13 0 99999
14 1 100000
15 0 99999
16 1 100000
17 0 99999
18 1 100000
19 0 99999
20 1 100000
21 0 99999
22 1 100000
23 0 99999
24 1 100000
25 0 99999
26 1 100000
27 0 99999
28 1 100000
29 0 99999
30 1 100000
31 0 99999
32 1 100000
33 0 99999
34 1 100000
35 0 99999
36 1 100000
37 0 99999
38 1 100000
39 0 99999
40 1 100000
41 0 99999
42 1 100000
43 0 99999
44 1 100000
45 0 99999
46 1 100000
47 0 99999
48 1 100000
49 0 99999
7 30
10 0 10
20 0 10
5 8 21
15 7 20
25 9 22
10 20 30
20 20 30
14 799
18 0 424
22 100 435
8 0 389
36 0 451
9 278 799
26 425 799
23 5 201
16 0 742
47 178 799
11 88 799
21 384 799
43 0 697
15 49 799
7 0 575
18 923
25 7 804
50 0 866
5 0 366
85 568 923
79 600 923
45 0 923
73 490 923
69 82 923
23 76 923
13 0 859
44 119 923
0 0 329
38 218 923
6 53 372
98 0 782
37 74 802
31 53 923
46 520 923
49 935
42 0 518
68 337 935
27 77 935
25 361 935
24 0 407
29 4 282
12 0 802
56 43 513
8 252 808
11 161 935
31 0 770
0 0 627
36 329 557
16 194 935
49 0 803
19 287 631
18 122 935
61 403 935
20 392 935
1 0 548
52 0 891
62 259 493
64 0 733
33 38 935
9 17 935
67 568 872
37 0 698
71 0 893
38 0 654
34 0 638
70 140 935
2 0 750
13 256 935
17 476 935
40 155 591
26 565 760
22 0 778
55 66 935
26 0 538
15 89 847
54 570 833
60 98 935
43 208 495
53 357 935
5 425 935
7 155 701
23 95 494
65 516 935
41 354 700
44 332
115 241 307
48 65 332
64 0 250
125 0 183
3 0 224
86 58 332
87 113 332
18 0 268
51 2 108
45 73 283
122 0 305
6 211 332
107 138 332
110 13 332
57 128 332
117 71 332
76 139 332
22 112 332
30 67 332
12 59 332
23 0 271
44 12 332
46 37 297
120 59 332
41 0 316
81 3 177
112 0 318
40 71 139
81 240 332
59 0 265
103 0 293
15 0 219
94 91 332
11 96 332
80 48 332
56 0 255
66 0 316
75 67 332
4 64 332
118 0 307
68 0 312
38 0 254
70 42 332
65 163 332
34 713
34 0 659
2 326 713
54 0 373
1 0 351
13 68 713
5 373 713
19 94 713
35 128 713
21 5 713
45 346 713
28 0 503
20 0 693
43 0 607
30 18 213
44 210 401
24 0 506
12 58 713
25 23 302
15 0 685
57 122 713
39 0 462
32 0 633
11 0 632
16 0 255
22 0 632
26 182 713
38 0 207
17 271 713
36 448 713
31 32 713
41 0 632
58 0 698
29 0 362
16 279 713
37 566
32 0 564
35 0 488
12 264 402
56 120 566
28 13 566
46 306 566
58 52 429
27 67 341
77 218 566
4 0 287
42 0 323
72 194 566
81 126 566
37 12 566
41 0 392
88 47 566
33 58 566
2 6 135
19 0 510
8 0 560
86 13 242
9 216 566
67 303 423
44 95 566
15 37 566
21 167 566
54 125 523
76 34 566
36 79 566
40 0 537
62 0 215
64 0 480
60 0 418
57 31 566
63 368 529
23 0 279
7 159 566
47 32
9 7 32
64 0 22
89 2 32
35 0 30
5 7 32
65 0 26
69 6 29
62 0 27
39 17 24
88 0 31
15 6 28
86 0 20
7 11 32
71 0 28
95 25 32
19 0 21
90 5 32
43 3 22
10 0 25
74 14 32
0 13 32
37 5 32
59 0 28
17 1 32
1 12 32
24 0 20
42 4 12
21 0 20
18 7 32
80 2 32
31 9 32
2 0 17
52 2 32
26 13 32
49 19 32
96 4 32
28 0 25
73 0 14
11 0 12
56 0 31
25 20 32
8 0 13
82 1 32
70 0 14
77 0 29
23 0 27
92 6 32
28 234
23 140 234
52 64 234
22 0 117
42 90 234
41 58 234
48 7 234
35 0 117
60 153 234
47 15 234
56 110 234
8 5 234
4 0 213
25 111 195
12 9 234
55 0 205
45 0 231
62 1 58
64 9 234
40 0 232
32 40 234
5 50 122
58 105 234
50 103 191
63 0 176
44 20 234
7 46 234
0 0 177
6 90 234
8 85
8 0 85
27 46 84
58 0 80
73 20 54
34 0 32
4 0 78
93 0 78
85 13 55
46 531
72 157 531
57 288 531
12 282 531
30 0 456
64 370 528
15 262 531
56 60 256
40 0 446
46 152 525
41 124 531
33 0 529
70 12 531
38 184 531
37 97 531
24 417 531
26 0 311
71 0 494
81 29 531
9 137 531
52 0 486
74 195 531
78 11 531
13 273 475
36 0 421
61 58 531
22 0 394
19 130 531
73 0 505
2 0 526
39 0 245
50 8 531
42 39 233
63 0 406
47 302 485
49 275 531
67 0 441
23 0 379
68 0 220
20 0 470
34 278 531
54 0 470
4 0 469
28 0 492
79 0 440
35 0 461
3 0 490
28 140
31 4 140
13 59 140
28 0 93
43 25 140
49 0 81
44 19 140
37 45 140
40 0 115
21 0 120
23 0 108
34 11 140
32 0 99
22 0 102
36 102 140
12 49 140
47 0 129
50 24 140
14 0 125
35 0 101
5 0 129
24 4 140
46 64 100
8 0 127
19 59 97
36 0 85
48 0 106
11 33 140
2 71 140
50 95662
100000 0 93203
15939 39408 95662
78233 21417 59680
22573 46808 95662
95680 3718 95662
78760 6616 95662
21630 0 77763
42744 1685 95662
10371 42696 95662
6369 1349 95662
89185 0 75805
91209 34392 95662
76695 3382 95662
54379 0 63756
42216 39621 82781
82123 0 43177
50210 0 95592
63650 36896 95662
40199 0 55491
5220 0 74153
75650 1166 95662
8907 0 64871
91418 0 64500
3037 0 78739
75613 19193 95662
75828 0 90529
530 0 77094
74088 38946 95662
29122 0 56589
90981 0 69076
89895 829 95662
6093 21209 95662
25741 0 36098
18447 0 61571
16632 0 46451
52633 21435 95662
67699 12822 95662
98371 0 58226
51423 57171 95662
95708 0 94894
37474 0 85265
60686 4109 82359
85003 26420 95662
78263 0 92050
42384 0 55804
1308 44365 95662
51979 9998 95662
90596 0 83376
81879 0 77547
84959 33586 82011
43 840
105 368 840
13 476 840
53 186 840
41 0 717
5 0 639
75 0 312
85 404 840
80 419 719
46 221 840
96 151 650
30 0 540
34 192 840
22 243 840
89 16 840
10 0 299
95 0 660
67 560 840
20 2 577
31 0 544
25 0 467
15 150 840
70 0 820
1 0 656
61 140 840
78 465 840
6 0 761
69 0 473
17 367 678
27 274 840
23 0 189
9 241 840
30 612 840
83 0 778
86 0 729
29 0 735
77 491 840
2 376 840
52 67 840
45 289 840
37 0 402
12 384 840
74 81 840
91 0 491
37 458
9 0 407
90 10 458
33 103 318
37 45 436
94 0 371
1 0 310
39 13 458
108 163 262
15 14 458
18 24 370
48 40 310
11 126 458
78 9 254
0 0 313
30 0 374
5 168 375
89 0 334
80 109 368
85 0 428
32 0 389
83 0 458
44 189 458
97 91 458
45 0 454
52 0 267
64 0 406
70 59 458
46 0 445
8 79 458
54 10 447
105 0 292
58 0 231
60 0 407
31 69 458
36 106 458
88 156 458
26 82 458
27 843
38 149 843
19 0 817
24 0 641
26 188 843
22 0 711
40 0 743
12 0 212
11 56 843
5 0 633
39 0 788
41 0 843
13 361 675
33 53 843
47 365 843
28 274 843
44 195 843
35 89 843
8 54 843
18 265 843
20 0 562
27 0 347
17 194 432
32 302 843
9 90 843
14 53 843
3 27 843
43 0 836
36 131
108 19 131
39 33 131
107 0 61
79 93 131
116 0 99
53 0 128
31 58 90
89 52 131
41 0 114
112 0 126
72 0 100
48 33 131
37 16 131
120 80 131
82 0 100
56 37 131
44 0 118
1 0 104
33 27 70
66 0 116
20 0 76
46 35 74
6 20 74
17 69 131
15 55 131
86 11 131
47 87 121
60 3 131
29 8 131
22 2 32
99 2 131
12 0 106
13 0 128
121 27 62
10 72 131
94 0 83
4 321
111 20 321
7 0 240
43 106 321
21 211 321
33 781
27 0 429
37 238 781
42 75 597
41 75 773
6 0 386
50 59 781
18 0 679
54 34 287
26 176 781
49 12 781
13 7 781
43 0 616
25 247 571
30 157 399
39 0 759
20 133 781
55 398 781
40 0 460
9 250 781
46 423 705
34 0 771
29 60 781
35 0 521
19 284 781
21 93 781
45 0 651
28 0 609
0 0 605
23 334 781
16 411 576
44 101 516
7 0 357
14 163 500
4 328
7 0 197
26 209 328
29 0 243
2 115 328
20 680
28 0 552
110 352 586
117 301 680
67 2 680
127 26 680
111 123 560
101 321 680
118 17 339
108 57 477
102 0 486
106 160 680
16 0 391
37 0 668
79 71 680
7 156 680
14 352 680
22 161 665
68 40 680
4 80 680
36 0 519
20 265
36 1 265
5 18 265
27 29 265
68 0 105
29 0 165
7 0 217
74 58 265
38 7 265
71 32 265
1 0 170
9 0 242
25 75 265
3 0 239
17 0 227
14 0 242
44 125 265
70 97 265
47 175 237
61 109 265
59 155 265
2 445
86 0 124
49 0 322
21 832
0 24 832
4 0 734
41 8 832
51 0 724
49 122 832
37 0 674
8 0 598
44 48 832
27 458 832
7 0 808
12 0 624
2 445 775
20 53 832
23 0 427
53 0 449
21 359 832
9 87 360
54 0 411
39 384 832
65 141 832
13 0 832
32 57
34 0 19
113 0 41
118 0 50
82 0 42
114 0 56
17 0 54
93 1 17
101 11 57
65 0 30
37 5 57
72 10 57
95 0 42
29 0 47
33 27 57
120 0 13
0 8 57
40 14 57
45 0 41
116 10 57
67 29 57
63 33 57
70 2 57
78 0 53
18 46 57
122 0 42
64 0 55
10 7 57
30 0 48
90 1 43
11 0 28
60 0 26
32 7 57
33 794
37 312 502
56 0 302
32 356 794
44 0 624
67 0 724
73 63 794
36 0 658
70 0 422
40 66 794
46 0 658
7 0 458
53 91 794
28 77 794
72 0 723
69 0 769
60 164 794
8 0 367
41 0 519
22 48 794
79 0 527
58 0 753
39 184 794
2 0 352
15 27 794
38 366 794
16 0 768
52 452 794
31 0 636
68 209 654
11 0 299
4 0 560
75 183 794
19 165 794
39 549
8 33 545
54 256 549
55 0 408
6 0 366
47 0 394
22 11 549
21 0 319
56 125 271
59 346 549
36 0 549
64 0 392
16 125 508
3 187 549
18 126 549
62 72 549
61 46 549
65 0 476
35 0 351
19 186 549
5 0 503
44 0 340
63 124 549
33 0 449
26 157 549
14 103 460
50 339 549
40 132 243
30 83 549
10 18 549
53 0 492
39 101 285
17 0 341
60 70 471
1 20 201
4 253 549
9 31 549
15 131 549
2 62 229
11 0 408
6 815
27 329 815
61 186 815
28 0 815
4 0 537
8 0 462
58 188 595
50 99202
100000 0 96169
53116 50488 74909
23357 18780 99202
93787 9103 99202
77257 34264 95152
53650 55301 99202
2000 0 68636
6898 73147 99131
12900 0 33902
12858 32036 99202
65546 45191 99202
77980 0 95882
41097 0 73031
48945 0 71642
66955 51038 99202
50071 16696 99202
10494 61371 99202
67434 27037 99202
38739 0 90799
19152 16484 99202
27051 0 79043
10760 24800 99202
79707 0 58702
98486 0 60459
82801 0 84683
4012 25667 99202
19910 15157 99202
30982 0 39906
38436 29222 99202
31404 67062 97488
60985 6555 34890
35033 5793 99202
22290 0 84025
60104 36758 57780
69717 0 88052
81327 17662 42294
10245 0 56466
36295 0 76587
53402 13361 39744
8640 12064 92188
72535 17499 99202
72847 38181 90175
10876 31436 85085
93953 0 48837
89083 5610 37974
41329 11393 99202
6862 0 80494
28833 0 80754
40353 4486 93115
87949 6530 99202
3 482
11 105 482
0 0 265
4 28 482
20 297
43 121 297
5 121 297
40 171 297
28 115 218
56 36 297
15 216 297
55 137 272
21 0 184
13 55 297
14 2 297
26 201 297
7 44 297
27 123 297
1 73 169
33 107 254
1 189 248
0 0 191
38 26 203
24 0 249
25 18 297
41 775
62 0 218
14 114 775
9 0 502
4 0 642
10 64 775
6 382 775
56 280 775
59 0 574
78 0 516
38 412 775
41 0 623
33 0 629
54 1 602
62 375 775
50 0 671
43 18 502
16 0 422
51 0 666
48 0 396
47 209 775
44 0 633
40 0 440
13 0 608
20 0 654
72 401 775
73 497 775
18 0 240
58 0 615
26 0 381
3 0 318
55 0 288
45 81 378
80 0 362
19 128 775
23 0 707
2 0 259
64 222 775
24 0 698
68 398 775
42 280 775
61 0 739
46 221
34 0 123
72 0 186
30 0 86
1 56 221
32 0 213
10 43 221
80 103 221
81 97 221
67 59 221
0 0 214
48 0 138
20 10 221
100 0 132
22 0 167
94 0 185
76 0 189
52 29 165
44 0 213
95 62 221
88 0 184
57 6 172
91 0 183
8 18 221
37 50 221
60 0 173
9 22 103
26 56 221
73 0 151
51 36 221
46 0 187
47 32 140
99 61 221
39 107 183
78 156 221
43 0 182
64 81 177
27 94 221
14 0 208
24 0 142
33 0 170
11 0 210
50 0 71
84 11 169
70 0 195
56 0 139
75 0 218
39 282
34 44 282
22 0 140
15 0 135
31 0 243
54 16 282
43 110 242
45 0 270
11 0 130
2 0 103
42 0 199
49 0 191
20 0 138
1 0 282
58 164 282
6 0 156
27 0 282
26 109 267
29 0 197
17 0 156
24 155 282
23 134 282
32 0 217
33 65 161
30 0 183
12 0 244
39 7 282
18 20 282
52 0 151
46 149 282
3 0 247
8 1 195
14 141 258
55 6 282
10 0 245
14 0 104
16 0 250
41 0 107
59 0 131
0 0 276
28 440
67 0 341
23 0 287
28 0 346
88 126 271
50 90 440
39 94 194
74 0 250
52 103 440
85 17 381
8 172 344
6 92 381
45 0 194
89 0 310
63 0 151
43 83 440
65 216 440
46 117 355
58 0 336
19 188 302
11 50 142
1 88 440
81 104 356
29 150 440
5 0 425
30 125 440
70 83 372
7 0 279
55 300 398
50 98284
100000 5458 98284
64300 20582 98284
68536 0 71714
77429 38856 89272
98653 37320 98284
65306 0 87157
3805 0 52238
72459 0 58299
78865 0 86428
39435 16623 54774
11897 33115 98284
34572 0 23141
32250 62365 98284
10260 21091 98284
84169 36211 98284
25176 0 74258
39473 3334 86649
7089 23866 98284
55172 60001 98284
50531 32090 98284
99168 0 59733
51628 18641 98284
7660 0 93802
7183 0 82741
79718 14069 98284
25543 0 57058
23496 0 86069
17746 13062 98284
2110 5704 98284
46688 0 97748
76153 54340 77074
3376 2564 75286
98967 6405 98284
23138 7291 98284
24567 31205 98284
89293 46514 98284
28988 0 59831
8648 0 94160
10362 0 76400
52343 9819 98284
95982 24608 70273
79937 0 94564
70490 9285 98284
80488 0 40632
40116 39687 96962
74238 14411 98284
20551 61517 88444
79861 4588 98284
1714 9369 98284
41989 16633 98284
41 90
50 5 70
68 13 90
102 17 90
53 0 60
10 12 76
60 0 66
21 7 90
7 0 65
72 3 90
30 46 90
34 0 60
59 31 90
38 0 86
121 0 50
118 35 79
81 30 64
71 0 68
25 0 73
65 48 90
107 0 53
66 2 90
13 0 51
119 48 71
31 12 90
39 60 90
92 0 90
9 9 90
63 14 90
22 0 86
64 0 82
80 0 86
69 0 31
110 37 90
5 9 90
61 19 51
17 43 90
32 12 90
12 19 61
35 28 71
117 0 53
1 0 26
25 327
6 36 220
24 58 327
4 0 269
14 0 195
75 0 311
90 0 237
33 24 205
107 90 327
51 75 327
64 0 317
65 0 243
53 56 327
66 28 327
18 28 107
62 131 327
68 162 279
23 21 327
16 0 134
52 0 247
55 225 327
27 204 327
73 0 145
102 112 260
8 0 188
35 0 235
35 264
101 150 264
25 3 185
41 87 264
1 9 264
69 139 208
23 13 87
87 90 264
31 0 180
64 0 255
76 0 220
17 88 264
37 86 264
44 48 264
14 0 200
26 54 264
4 69 264
9 24 264
21 0 205
94 0 116
6 91 264
102 0 182
27 0 233
77 63 264
29 0 111
38 0 225
0 0 176
81 155 264
96 85 264
57 68 264
100 0 221
7 175 264
13 51 264
85 0 115
60 14 264
47 0 188
45 445
40 109 418
55 0 349
45 0 173
24 211 445
49 41 445
47 86 445
51 286 405
66 0 386
54 244 445
9 0 207
14 0 162
39 29 445
61 0 187
37 279 401
36 0 389
28 218 366
56 0 403
17 50 445
44 37 445
8 2 402
31 253 445
68 249 424
15 6 283
20 134 445
5 195 445
42 282 445
26 0 299
13 174 445
2 0 373
46 0 285
21 26 445
6 0 172
4 59 445
38 82 300
70 151 295
41 48 445
43 59 435
7 24 445
62 155 445
0 0 229
3 0 264
16 0 427
53 78 445
64 0 236
30 154 445
36 673
45 165 673
0 348 673
90 0 611
12 0 512
41 0 622
85 0 469
77 192 673
42 528 673
44 0 451
7 0 425
88 0 412
47 162 673
13 0 587
24 0 400
30 0 622
51 233 387
73 94 489
65 6 606
67 27 673
9 0 606
94 0 331
81 0 533
74 489 673
21 460 673
10 275 563
14 0 425
18 319 673
62 88 673
2 0 453
16 0 610
60 21 186
55 68 673
71 0 608
76 0 651
36 0 527
33 0 390
1 1
1 0 1
25 676
26 288 676
25 134 676
36 99 564
2 284 676
19 0 601
31 0 660
15 0 603
40 225 676
3 64 676
17 204 676
21 38 676
12 0 372
22 223 676
1 200 603
4 100 676
23 257 676
32 0 548
33 0 582
39 176 676
18 94 382
28 185 676
11 499 671
0 0 627
13 315 676
29 411 676
19 369
46 0 312
79 31 148
62 86 369
79 168 322
1 0 287
17 256 369
86 178 297
63 73 241
45 0 356
51 51 308
53 138 369
72 0 357
60 266 340
66 213 369
91 0 262
34 146 250
67 7 325
61 60 369
94 0 325
41 939
5 0 894
115 218 939
1 28 686
87 0 939
111 583 939
85 541 939
11 0 639
21 0 411
117 354 899
121 414 939
101 0 684
88 0 818
16 304 939
86 0 913
73 539 903
106 265 939
61 116 939
84 429 939
118 182 723
13 6 939
43 62 939
105 492 939
83 555 939
70 180 939
38 0 794
42 0 772
108 0 651
17 0 624
55 12 939
4 0 903
44 253 939
58 0 530
39 526 939
93 253 939
119 0 717
24 72 939
33 0 570
66 80 939
56 327 939
67 175 939
95 230 939
22 633
73 0 628
63 382 633
43 32 508
58 0 486
55 197 633
0 99 633
83 96 222
9 0 544
4 374 627
88 16 633
57 0 517
82 258 633
70 168 321
12 12 633
74 0 605
80 0 447
41 279 633
75 200 633
64 169 355
36 7 486
2 269 633
15 0 415
5 201
40 38 85
12 0 163
25 1 50
31 108 201
62 0 123
19 118
58 64 116
80 0 118
109 17 118
20 0 100
35 0 54
93 25 118
36 0 93
8 0 117
6 18 90
10 6 37
55 11 93
106 5 118
50 19 118
18 50 118
54 0 28
25 0 41
37 0 83
101 32 118
4 79 105
50 913
13 487 858
2 684 875
6 0 460
81 0 886
11 648 900
70 171 913
48 0 705
16 257 913
25 351 913
32 0 854
74 262 913
46 173 913
77 59 404
59 0 733
9 479 913
80 0 699
58 132 452
0 67 913
71 4 913
45 180 913
6 524 913
53 13 913
38 53 913
44 317 913
20 176 913
72 121 913
51 0 852
28 0 855
76 0 857
63 0 448
19 637 834
56 0 383
49 297 503
62 36 913
79 0 774
21 68 913
29 0 558
18 62 913
14 0 474
43 0 694
55 233 913
27 289 913
12 0 600
23 272 749
19 0 575
36 0 625
52 361 913
41 535 794
34 240 745
61 335 913
11 152
0 2 59
15 29 152
23 59 152
7 78 123
5 0 108
18 106 152
9 0 129
17 16 152
33 0 145
27 0 133
25 92 152
11 485
0 222 485
42 0 285
14 86 458
78 12 455
67 216 485
74 30 485
86 155 485
10 51 301
62 246 485
25 0 417
28 0 185
3 9
33 0 6
66 0 9
99 3 9
50 100000
100000 25697 100000
96114 0 75919
55020 45840 100000
12712 30014 100000
8973 0 62582
36320 6906 56362
66239 36919 100000
98030 50788 100000
36614 0 56722
6471 46773 91136
97823 59309 100000
38506 0 72487
69706 0 97253
75371 46851 99114
71451 21863 100000
41964 21457 100000
82415 0 99442
83585 0 73981
55014 0 100000
8483 54911 82330
62819 18776 38932
92868 28387 100000
41311 0 65188
83336 15898 56458
2864 0 55258
75766 0 77956
40160 1301 100000
46238 16980 100000
75249 51257 100000
7754 22034 55502
19835 0 91045
6406 0 93733
94401 37861 100000
10218 0 50747
25496 0 59498
49929 52410 82083
88840 419 26105
47287 0 97402
34402 48022 81453
95982 0 38149
94061 4309 74476
91984 23971 70310
21500 0 80809
59436 0 57030
53720 0 40937
63724 23903 100000
44995 0 76747
16687 0 65194
59953 0 83332
16243 8047 60955
25 560
5 0 389
7 231 560
13 0 433
29 157 429
14 0 559
36 0 362
9 0 373
1 164 560
11 161 407
20 0 392
35 0 430
33 0 502
8 67 317
6 84 560
23 0 302
19 274 445
18 28 560
30 128 560
0 0 357
24 225 560
3 0 488
10 15 560
12 39 560
28 0 552
26 142 560
29 958
26 179 958
21 22 958
16 142 958
56 0 948
29 214 958
40 183 714
9 162 459
42 165 958
17 252 958
15 0 774
43 0 869
9 483 958
3 346 958
52 54 958
41 346 958
23 272 958
60 166 958
48 7 958
20 0 800
62 262 958
27 0 384
55 0 873
0 542 838
12 252 958
47 0 526
59 145 958
31 93 958
38 210 958
7 0 395
28 435
60 0 374
17 0 314
0 122 435
9 172 435
70 156 435
14 107 265
73 0 424
18 19 435
15 0 434
2 193 435
45 3 435
74 0 358
67 0 363
6 75 435
72 152 426
10 0 422
31 30 435
71 239 435
37 133 435
38 24 435
7 24 435
26 0 278
39 151 435
8 108 435
36 292 435
23 141 435
30 0 290
63 0 308
3 792
34 14 415
29 291 696
24 0 683
7 574
10 286 548
61 324 465
60 211 574
24 16 574
80 26 322
73 0 260
21 0 565
34 666
63 0 606
61 138 666
44 162 660
31 48 182
52 0 607
68 186 666
66 320 666
107 0 260
43 0 351
32 0 584
18 0 656
77 0 640
64 0 450
38 25 340
92 42 666
78 0 403
73 230 666
56 368 537
35 85 619
46 116 666
3 0 651
93 56 328
86 55 666
79 0 332
75 0 603
82 321 522
8 0 633
37 0 618
90 74 385
71 41 304
42 72 248
10 241 666
6 385 666
30 0 636
41 963
12 676 963
15 112 610
69 354 963
3 159 963
1 88 418
4 0 833
24 380 728
63 480 744
38 272 963
61 271 870
24 36 347
55 118 963
47 330 963
71 0 739
18 32 737
14 0 839
48 0 963
9 0 518
57 354 886
11 0 963
35 0 833
20 79 963
45 645 922
41 201 963
29 157 963
60 0 518
59 180 963
32 280 963
31 0 810
64 34 963
36 101 956
5 0 472
68 0 459
37 89 963
51 0 920
40 0 658
65 0 617
8 138 886
23 0 877
19 0 855
58 97 963
37 525
59 29 525
92 45 314
2 87 381
5 168 525
27 0 372
44 0 423
81 76 181
104 148 372
66 100 525
120 208 525
115 0 516
65 152 525
81 233 457
1 52 525
42 0 312
88 0 131
140 0 525
60 14 525
99 0 411
77 0 338
21 350 525
114 231 525
28 0 491
110 41 263
94 0 281
97 253 361
36 201 525
0 150 525
100 280 525
108 221 525
70 0 231
143 93 525
119 0 260
62 42 525
90 355 476
38 15 525
135 0 452
27 907
28 0 586
65 34 907
49 225 907
29 0 857
9 270 907
74 237 907
36 599 907
0 167 907
33 499 907
52 0 670
71 6 907
22 58 907
20 431 907
11 41 907
4 379 907
39 9 907
62 199 403
27 278 907
55 607 907
72 366 733
2 0 539
41 223 907
38 0 851
50 371 700
76 0 685
19 0 702
10 0 845
19 65
63 11 65
3 1 65
46 7 65
37 33 57
24 0 62
27 0 51
80 2 65
35 13 46
30 0 59
58 0 60
70 2 62
13 4 26
68 0 60
25 1 45
73 0 42
31 1 65
19 44 65
2 0 24
56 0 48
22 22
79 9 22
65 0 20
42 0 13
38 9 22
10 0 18
9 2 22
52 5 22
56 5 22
33 8 13
86 12 22
87 0 14
8 4 22
34 0 22
17 0 17
69 0 16
27 4 22
46 5 22
40 0 19
67 9 22
18 14 19
71 1 22
81 6 22
12 783
5 0 617
28 208 783
17 255 494
0 40 783
23 235 783
1 433 719
30 61 783
18 0 662
7 0 606
10 371 783
3 0 296
3 389 783
11 990
12 0 862
23 183 990
24 283 990
18 405 990
46 125 990
25 293 990
13 41 691
10 0 949
28 5 990
7 758 983
26 261 990
13 928
45 62 928
54 0 219
90 49 928
48 51 798
43 0 912
42 299 564
13 0 728
24 412 928
101 0 780
94 65 928
57 16 350
14 0 748
4 0 867
22 963
0 72 541
98 77 624
15 204 963
95 62 722
82 341 963
3 430 963
101 632 842
21 0 951
53 420 740
1 135 963
74 244 963
27 0 609
17 0 342
10 305 809
99 479 824
61 0 688
49 0 490
85 0 819
56 0 792
58 0 587
13 2 963
38 0 453
5 779
46 0 715
23 0 445
92 20 779
9 0 438
55 0 589
27 133
101 0 87
70 0 119
7 0 131
105 23 107
11 0 91
75 78 133
38 82 133
51 0 82
56 22 133
18 71 133
43 13 40
14 51 133
74 8 133
6 8 133
22 0 29
33 52 123
23 0 104
52 41 133
34 68 133
29 0 108
19 0 97
20 0 112
37 25 133
0 0 92
91 1 59
21 0 76
92 43 133
25 452
33 0 441
100 200 452
54 180 299
111 113 452
88 101 452
110 50 452
115 0 293
104 278 452
107 212 452
31 0 335
13 0 361
56 98 452
124 125 452
24 218 452
51 29 452
53 0 297
27 59 452
20 122 452
121 0 263
5 89 290
49 168 365
105 0 283
36 11 113
32 0 434
79 176 273
8 762
11 34 762
47 0 687
73 0 591
51 215 680
22 0 647
57 0 741
72 51 360
45 89 425
22 264
59 0 183
80 124 264
105 0 164
53 189 264
42 0 243
27 3 119
108 24 264
23 82 264
56 0 242
0 6 264
67 0 249
34 56 216
41 85 154
58 0 112
30 0 186
65 65 198
117 0 218
89 0 203
51 0 264
102 0 243
66 120 264
120 109 221
10 730
4 296 730
9 70 730
49 0 587
87 79 425
65 0 291
27 0 534
101 0 661
41 0 498
11 14 730
54 0 328
45 268
19 0 217
24 0 181
26 11 112
56 72 268
12 29 268
10 0 117
5 79 171
33 0 104
27 0 252
58 0 107
20 0 120
66 116 261
22 17 268
65 0 249
66 0 67
1 0 200
14 0 231
70 44 112
62 75 268
45 83 189
50 40 268
39 0 268
58 149 268
4 0 191
2 66 241
63 30 243
72 0 265
13 0 254
52 0 195
30 38 112
36 146 234
46 58 268
75 0 205
9 39 268
68 191 268
17 139 246
43 0 115
7 0 236
18 0 131
74 132 268
44 0 215
49 0 257
31 0 211
35 0 155
73 98 181
37 837
60 145 777
97 332 837
22 48 837
45 519 837
104 0 194
34 0 618
54 269 837
13 0 652
17 55 644
33 177 758
30 277 837
95 0 686
50 0 603
43 239 469
57 298 837
81 104 837
19 0 700
77 193 837
71 315 837
16 0 404
68 43 837
64 140 837
23 0 472
78 0 492
92 0 689
18 0 625
44 0 553
93 0 823
87 0 704
65 0 447
103 125 379
12 0 582
90 525 837
106 0 571
8 0 818
99 39 837
51 0 777
8 71
14 6 71
40 0 66
38 8 49
64 33 71
23 12 71
42 23 71
26 18 64
10 13 71
35 145
56 22 145
48 18 145
12 0 129
27 21 145
18 50 145
0 80 145
100 0 116
89 35 145
96 26 145
80 0 116
51 0 79
93 97 138
66 16 145
6 1 70
60 0 112
38 13 145
73 77 117
28 25 58
97 0 128
69 0 116
43 56 145
11 9 145
53 0 144
9 0 111
35 87 145
67 5 145
77 0 109
59 2 145
70 0 82
34 32 145
103 0 139
102 25 145
1 24 145
20 23 145
63 107 140
4 890
52 412 890
24 191 890
99 0 734
97 0 837
6 435
32 0 245
24 42 435
12 250 435
30 215 435
26 0 376
2 0 269
2 100
1 0 49
1 50 100
50 99837
100000 0 95815
93913 0 66977
2104 17849 99837
48320 49218 99837
7304 0 80739
43258 16624 61903
72280 0 70319
71766 59713 99837
57014 0 46914
78458 8080 99837
58255 15169 62119
82680 0 60629
82281 0 88526
83391 0 67590
15494 25510 51765
43151 0 79307
41441 0 89911
92180 0 75850
75545 0 76272
86796 34804 87458
16858 0 77438
58711 62767 99837
8106 40721 99837
69693 43016 99837
98413 53867 99837
91880 74245 95247
61423 0 48298
43982 46526 69398
6568 0 78679
87471 69091 99837
92154 45282 99837
22638 0 55238
35028 0 47487
53516 29177 99837
2037 46741 99837
63782 0 75575
55030 0 94078
26792 0 63517
69823 16452 99837
75893 0 88108
12290 0 99360
41477 11793 99837
95930 46512 99837
15996 0 76999
22406 21739 99837
67211 0 35852
68589 5451 99837
2600 42828 99837
85115 0 58234
21559 32038 99837
13 468
64 0 407
37 269 374
59 0 460
53 56 468
26 360 468
24 0 200
96 0 405
40 184 468
57 84 468
49 0 212
54 78 468
6 44 468
42 0 399
1 381
44 0 219
46 835
51 547 835
10 0 712
1 58 835
41 480 835
42 0 835
5 0 341
39 11 758
36 0 283
33 0 757
66 180 835
23 224 835
11 590 835
55 40 835
59 126 835
38 141 835
36 295 835
15 0 715
50 0 577
74 158 835
18 227 835
34 0 388
28 0 401
27 126 835
32 55 835
72 321 835
71 477 835
60 158 835
63 0 371
14 0 497
49 167 835
21 153 835
25 309 835
0 30 835
26 432 835
45 0 702
53 0 436
64 203 835
68 0 294
43 0 681
7 0 784
65 0 647
48 0 783
6 139 835
35 0 724
2 0 573
31 16 736
32 151
124 0 95
119 5 151
36 0 103
32 4 151
74 0 133
108 48 151
40 0 139
106 0 139
45 0 86
57 0 87
38 0 134
63 29 151
100 0 105
60 2 151
128 0 36
29 0 98
113 52 125
10 0 143
87 31 151
78 26 151
72 15 151
120 0 135
83 1 151
11 0 146
16 43 151
81 0 94
23 15 121
121 53 144
6 58 151
107 6 151
129 6 50
26 6 151
50 97756
100000 0 54175
19016 0 67626
78315 0 62848
4726 22222 94058
55400 0 59289
10639 55205 97756
4706 0 86529
32779 51166 97756
44558 0 43229
41952 26065 97756
71041 11622 97756
58382 0 97756
44365 9426 97756
45891 27462 97756
97623 0 49691
38914 19504 66727
28665 0 66699
32282 3988 97756
74957 0 91015
17799 0 97533
20760 0 69981
76378 0 78622
61602 0 54554
59706 0 67166
33016 0 70498
12112 0 75739
98696 0 84523
81202 0 62077
10310 0 76293
125 29080 97756
89181 12379 74389
32465 0 65516
71989 0 68472
52686 8757 45106
86427 0 96367
61301 0 78921
55510 19162 97756
99642 30056 97756
55546 24606 97756
89194 1977 55850
35503 0 75944
49800 0 72812
3671 0 43671
16797 59421 97756
44087 11308 97756
20754 0 53477
72359 0 60072
33546 29635 80484
4422 64667 97756
19561 7449 97756
10 836
23 0 797
32 0 469
40 0 815
2 0 741
20 263 836
28 0 385
21 0 565
39 21 836
22 173 836
13 0 802
10 391
16 0 208
9 177 391
20 10 391
5 13 354
3 0 347
25 47 391
11 203 332
26 0 350
1 43 391
29 183 333
40 202
28 0 192
69 0 192
51 0 191
32 3 202
49 0 107
25 0 165
74 0 94
36 0 163
63 86 202
6 40 167
66 32 150
82 0 185
40 0 188
60 25 188
18 112 156
0 0 156
43 22 202
91 53 202
4 37 121
1 56 202
38 96 177
62 59 202
22 0 192
86 44 202
37 26 202
47 16 202
2 2 102
20 0 183
55 12 202
71 74 134
39 0 84
68 148 202
83 55 202
79 96 202
58 69 202
90 46 120
33 0 180
23 0 200
81 0 65
35 20 202
27 744
53 317 744
29 0 687
22 0 382
48 124 402
1 212 613
43 290 744
47 282 476
26 256 744
8 301 744
15 0 696
13 309 639
4 443 744
14 117 744
10 0 485
11 0 640
5 160 744
7 0 744
40 0 355
44 182 414
52 63 744
6 0 578
17 0 358
24 0 636
13 0 302
12 0 733
25 0 657
51 0 717
8 399
34 237 399
64 0 203
11 56 399
58 283 392
12 203 399
47 108 399
28 50 399
50 118 399
50 96508
100000 32882 93677
59922 43895 78779
48315 0 91466
32175 0 89598
28528 11643 96508
15318 0 25499
55353 27219 96508
54992 2942 96508
13887 16222 54956
10634 2916 96508
2102 0 24532
67776 30369 60023
41676 42268 96508
60835 44598 96508
37004 70274 95720
61534 75305 94960
44984 10510 96508
58581 28259 96508
27753 6216 32533
9541 1784 21778
59786 0 45375
93771 48077 96508
44584 0 55645
36499 29389 96508
79449 71921 91624
80255 2579 96508
15361 67731 96508
9466 0 90017
74756 0 75314
38462 0 69152
98631 0 34467
15935 47795 89829
36500 0 86218
88905 0 67419
41475 6323 96508
90840 49406 96508
18687 0 87227
11938 0 67274
28684 49605 96508
4507 0 62901
76550 67291 96508
26974 0 85833
68073 20815 96508
19986 60220 96508
47414 0 63611
87381 50744 96508
66492 0 61969
33838 8120 96508
79373 18549 96508
41142 0 52462
44 828
14 0 742
21 0 517
57 8 828
48 488 764
62 0 352
115 251 828
1 0 510
38 113 828
67 464 828
118 0 812
71 67 315
20 563 828
94 0 670
3 435 828
10 409 828
80 0 580
42 0 767
100 494 828
96 507 828
68 0 402
76 298 662
63 173 828
98 0 603
110 67 385
116 190 828
69 0 561
54 263 828
12 0 563
43 52 828
55 0 307
11 88 828
87 183 828
120 219 828
52 219 828
6 218 558
37 0 656
53 455 828
101 368 828
97 49 828
28 219 828
108 0 337
113 0 767
89 0 705
41 0 442
35 274
33 80 274
37 0 165
31 139 274
49 59 274
46 165 274
6 67 206
19 0 232
0 0 265
17 0 210
23 0 211
13 16 87
45 0 268
43 113 274
30 121 274
42 89 274
13 98 274
36 141 274
20 0 219
34 0 262
7 0 233
27 4 274
51 145 274
10 70 212
39 0 202
25 13 274
9 100 274
47 101 274
35 0 209
50 0 193
3 19 274
40 99 274
43 0 98
32 0 256
38 88 274
41 0 205
33 492
71 0 209
8 82 492
7 0 386
49 90 492
57 292 492
48 261 492
29 0 359
40 0 428
6 34 439
10 0 458
9 267 492
21 130 492
27 154 363
47 87 489
42 0 459
32 119 480
39 237 492
43 106 306
23 170 374
22 110 492
14 187 440
17 0 441
4 0 316
65 0 222
30 20 170
34 62 320
12 143 492
38 34 138
15 45 492
24 0 330
51 23 492
28 0 166
68 0 318
11 15
2 1 7
2 9 15
3 0 4
5 7 13
7 0 8
8 3 6
8 8 15
10 2 9
11 8 13
14 6 15
16 0 6
22 937
27 0 803
122 18 937
90 0 725
101 123 635
113 186 937
97 104 791
57 716 928
22 122 601
2 170 937
8 0 605
100 0 501
91 0 472
109 25 924
9 340 937
62 41 641
99 0 653
37 93 937
52 0 545
64 68 937
35 89 937
29 338 937
68 0 480
38 708
30 0 525
10 25 708
54 203 586
27 158 708
15 0 626
13 0 522
49 0 534
47 365 708
9 114 708
34 268 654
11 0 621
51 0 658
14 0 575
33 441 708
36 301 708
16 0 654
24 0 480
39 159 708
44 0 603
20 0 270
50 17 708
19 0 662
26 290 708
21 253 708
17 76 708
48 0 707
2 272 708
40 304 492
6 0 434
7 52 708
42 275 708
5 0 226
38 0 576
52 0 570
22 56 708
43 177 445
4 11 437
0 0 332
50 99629
100000 33578 99629
93968 58008 99629
7777 61870 99629
63063 0 97400
49423 0 88597
62415 0 75824
10072 0 56236
62713 0 24174
85176 0 67480
6616 18900 99629
76738 0 51095
57889 26965 99629
38741 20514 99629
70183 81 55049
10602 15490 83959
57447 5268 34357
54944 44803 99629
4636 8185 60844
64296 13420 99629
44812 0 94407
77498 10027 99629
67244 21994 79214
1358 0 37130
27065 0 58248
9235 0 97386
34017 30123 99629
56623 16271 93391
37431 29027 99629
80162 0 63839
24606 0 65291
82671 12616 99629
97632 10606 99629
44487 7651 85687
16618 0 53003
93589 50440 99629
9665 63272 99629
59069 0 90143
54268 0 48718
55186 16785 99629
42975 11523 99629
29368 65377 99629
9458 37811 99629
80076 28844 63130
40271 0 55631
56686 45484 86363
43977 0 65067
4344 35718 89107
28882 0 51635
15018 4056 99629
30523 0 58753
39 13
54 1 8
62 6 13
22 0 6
6 2 13
10 5 13
67 5 13
56 4 13
20 0 10
11 3 13
68 1 13
40 0 12
25 0 8
8 0 12
15 0 11
61 0 11
28 4 13
51 7 13
0 1 13
41 0 10
60 8 11
55 0 9
65 0 8
58 2 13
34 0 10
57 0 12
66 4 8
24 5 13
45 3 13
31 5 9
53 0 7
63 0 10
9 0 12
43 0 10
1 5 13
17 8 13
4 5 13
52 0 12
44 0 13
36 6 10
50 96584
100000 0 94697
73849 14298 96584
93796 24441 96584
13460 24999 96584
10767 56877 96584
92069 44057 96584
75407 62653 96584
96263 10526 96584
3620 9617 74034
59437 0 63032
64203 40718 96283
17953 0 52219
35414 0 67173
59734 10674 96584
78977 0 37380
16388 4097 96584
10495 0 84305
34264 0 42586
53344 0 78592
46596 0 76741
767 0 82734
76046 0 92700
69677 57469 96584
71407 0 78091
66144 0 80435
48261 34023 96584
96994 3717 71988
28809 0 63831
14149 0 96584
97692 0 94155
12011 31215 96584
99283 21773 96584
30636 0 83267
69214 0 72741
9147 0 67523
58603 38955 96584
20284 38889 94358
58663 13951 65504
97228 0 42290
31577 44555 96584
65257 18384 96584
7620 0 78381
62421 0 57178
47356 35657 96584
5542 0 88859
1532 23726 96584
58719 4324 96584
12941 0 83068
48258 0 93141
73165 44971 96584
14 920
41 124 920
25 82 920
85 315 774
47 0 908
49 57 920
48 443 686
77 567 830
30 0 286
3 215 506
64 119 920
15 413 920
53 0 577
22 0 582
13 217 920
46 381
64 249 341
1 80 381
16 80 381
9 0 355
55 0 285
7 60 276
2 0 183
43 0 360
49 142 381
51 103 349
8 0 381
20 54 381
56 0 190
45 167 381
59 80 381
24 0 304
5 247 381
52 22 381
3 62 381
41 0 365
12 126 381
21 0 263
62 0 367
32 223 358
23 50 381
25 82 381
19 12 381
39 0 364
14 101 381
53 4 381
17 202 381
61 0 151
54 103 325
31 167 381
29 0 91
10 91 381
5 52 171
4 169 324
40 0 299
46 64 381
29 237 329
57 0 303
26 0 198
2 211 381
34 221 362
0 113 270
2 392
10 77 215
41 25 332
3 885
84 0 370
81 0 601
39 63 885
7 938
0 430 938
4 0 428
19 281 871
18 0 646
9 284 938
12 408 938
14 0 476
37 582
13 77 582
21 0 240
32 5 582
18 0 537
55 78 582
9 226 367
6 240 582
40 0 393
28 405 582
16 0 406
8 128 582
17 0 481
22 0 463
49 156 582
33 0 429
36 353 582
3 0 556
51 209 469
42 219 582
52 0 428
58 18 582
26 103 582
59 149 361
39 0 343
0 0 582
41 92 466
47 303 570
43 215 582
4 0 510
1 0 531
24 39 582
14 78 582
45 191 391
34 5 582
46 148 382
25 0 267
30 155 526
24 815
34 0 744
74 221 599
78 22 293
61 164 815
75 0 815
27 464 815
7 163 815
66 205 702
12 171 815
68 0 692
49 0 668
76 0 539
63 0 814
19 136 310
67 0 471
62 0 639
46 277 718
28 49 245
45 0 744
18 5 763
31 0 674
54 0 716
20 5 815
30 0 734
2 4
0 0 3
1 1 4
34 533
71 336 533
0 27 443
107 0 259
94 0 441
5 166 533
9 0 410
31 18 144
130 132 533
15 361 478
67 260 533
46 63 533
73 138 256
83 30 175
109 188 533
121 0 511
62 38 533
11 97 401
37 0 211
45 0 453
10 173 533
32 0 353
87 0 415
68 72 273
38 0 519
110 41 533
8 29 533
42 210 353
31 257 400
86 254 533
72 83 447
6 310 533
47 65 533
90 83 410
54 148 533
4 14
34 5 13
17 0 8
41 4 9
8 6 14
39 644
7 340 615
31 0 581
56 225 644
81 0 414
59 51 456
26 243 644
63 17 644
47 118 644
80 47 390
50 0 574
61 291 644
93 12 644
49 114 644
57 79 248
78 55 644
12 0 584
44 199 644
25 0 597
67 183 644
20 0 571
37 164 644
55 126 409
28 81 644
22 131 348
16 116 644
48 0 438
32 0 479
39 327 597
39 87 271
18 0 469
2 287 644
69 119 644
72 197 644
84 0 511
74 0 456
76 239 543
52 0 513
1 0 563
87 0 468
29 197
79 0 99
18 45 197
49 0 150
60 69 144
36 30 197
17 23 110
93 0 163
42 83 197
23 0 151
69 22 68
74 0 132
1 98 197
33 137 197
40 3 106
70 0 163
61 0 177
0 60 135
89 0 110
28 27 197
78 0 186
72 0 197
99 117 197
3 137 197
76 27 197
5 0 178
9 0 105
43 0 103
15 0 128
35 10 197
5 769
5 0 493
74 4 769
10 118 421
34 397 769
35 0 671
45 611
60 42 611
84 0 531
64 4 611
52 43 611
15 0 473
92 122 611
95 244 579
77 110 611
82 215 611
49 29 345
65 34 611
69 0 322
12 186 611
27 0 414
113 0 410
19 234 611
54 0 515
76 0 579
2 0 403
72 0 411
97 34 365
51 0 474
116 0 584
8 0 600
56 180 472
36 419 611
53 89 392
101 0 582
83 0 602
85 0 571
5 40 611
106 58 611
10 156 611
11 170 611
115 59 611
62 281 611
61 135 293
90 0 425
9 136 272
6 0 486
42 0 468
29 242 611
1 155 611
66 357 611
18 0 329
35 887
57 196 887
59 16 887
29 0 658
74 51 812
22 107 887
82 0 448
105 62 887
26 0 757
50 0 696
13 0 782
17 0 847
64 322 887
37 522 887
91 533 822
36 0 521
11 56 887
34 349 887
70 0 772
71 545 887
108 133 887
3 147 887
32 0 833
89 0 821
21 0 681
87 87 887
68 391 887
38 0 684
40 373 887
116 88 467
58 93 887
7 355 887
55 0 481
16 0 706
123 0 867
94 487 887
28 480
37 55 480
30 45 480
40 279 480
39 165 480
25 0 242
16 49 480
32 0 359
4 0 477
3 50 480
24 0 390
12 52 480
36 0 460
22 0 422
31 4 480
18 78 461
13 54 480
10 0 424
19 79 480
27 0 441
17 322 480
43 158 480
35 0 299
0 143 362
5 0 336
26 0 277
20 0 458
9 0 439
34 248 480
39 961
72 114 961
97 0 780
124 341 961
42 23 961
70 238 961
119 76 961
87 65 431
4 0 727
75 0 616
129 149 961
106 699 961
87 607 820
31 0 751
125 0 871
6 718 961
69 198 451
93 561 961
79 0 372
84 366 961
86 0 683
2 0 624
113 113 886
99 0 955
100 0 839
80 8 589
62 0 851
71 0 446
116 0 330
73 0 450
32 686 961
85 357 961
49 0 535
110 0 877
61 281 961
103 0 729
121 303 961
21 22 961
68 413 961
29 102 961
15 803
54 0 652
81 29 803
38 341 803
30 151 803
32 316 706
75 0 571
23 0 422
59 62 803
41 0 588
83 111 803
86 43 803
35 155 803
32 0 314
6 66 247
2 0 663
26 990
55 154 668
16 284 770
92 51 990
125 0 443
50 0 909
47 372 990
25 0 328
83 234 990
118 320 671
113 0 300
43 430 990
61 0 917
114 285 778
65 234 681
45 96 637
115 0 830
18 0 683
81 0 489
127 703 923
28 0 598
101 0 663
19 106 990
53 0 529
75 581 897
110 0 768
82 0 536
2 218
0 0 170
27 0 207
1 1
0 0 1
19 482
21 0 402
18 0 482
29 0 337
10 311 482
5 0 227
37 0 371
31 0 479
4 0 331
24 0 333
20 191 482
35 201 386
17 244 482
11 0 403
13 158 482
6 244 482
30 69 482
27 296 482
12 0 309
28 49 482
2 201
8 12 201
10 116 172
14 853
12 71 598
1 232 853
34 332 607
26 0 672
50 100 853
38 0 613
29 35 853
46 222 853
33 0 756
37 232 853
13 0 398
17 22 636
10 0 472
28 0 702
33 939
11 0 784
32 241 939
56 102 939
59 256 939
25 0 724
46 231 939
16 54 939
10 96 303
3 0 772
22 0 576
28 64 317
57 0 214
61 33 939
39 433 939
60 0 377
4 380 939
23 433 939
55 400 939
51 526 790
30 0 928
12 0 464
62 0 530
38 14 939
26 491 939
5 669 939
0 435 939
19 192 939
35 614 939
53 262 939
34 0 892
29 109 439
21 0 785
5 291 650
9 724
12 342 724
6 242 724
13 350 672
16 29 724
28 270 554
10 64 724
27 0 706
20 181 724
2 17 724
39 426
35 207 351
21 0 257
23 0 379
16 0 359
17 90 426
54 231 364
11 132 426
49 168 426
34 0 376
13 0 175
47 55 426
25 335 426
53 103 342
29 37 312
7 164 426
12 74 426
45 15 426
3 0 243
41 0 385
48 194 426
39 0 386
22 96 426
37 95 297
8 30 426
43 116 426
20 0 362
44 85 426
50 0 410
10 238 426
28 0 425
38 202 426
40 0 342
0 0 313
52 121 426
36 80 426
4 121 426
24 6 426
51 263 426
19 130 426
1 709
62 235 709
17 335
97 70 335
104 0 157
18 88 301
37 65 217
91 132 270
88 137 335
30 0 330
17 16 335
8 0 276
55 11 335
83 0 270
102 0 229
58 0 316
75 0 183
7 0 198
92 0 263
36 0 313
48 195
130 0 185
46 0 150
18 43 195
0 0 186
17 32 195
31 31 195
89 46 115
94 0 177
101 0 175
84 52 195
95 0 192
108 81 195
52 0 152
2 0 187
14 99 157
134 0 180
119 67 195
72 0 187
125 42 195
8 91 195
21 0 156
113 36 195
88 74 115
6 61 195
115 0 146
116 92 195
34 0 167
40 31 159
98 31 195
39 0 186
7 111 195
87 65 195
77 0 156
4 0 175
61 15 195
138 59 195
11 0 167
137 0 189
55 0 93
142 0 149
30 0 170
29 0 175
126 12 195
49 99 195
45 114 163
20 11 147
57 76 195
70 47 195
11 737
65 446 737
56 362 737
101 0 596
83 0 667
72 0 198
100 0 718
108 0 735
35 372 737
1 249 737
84 183 555
97 0 499
38 559
47 0 500
16 20 254
48 0 555
9 172 559
52 0 532
111 0 559
58 248 394
98 59 559
95 21 312
64 35 559
17 0 272
15 204 352
13 360 559
39 0 508
54 44 559
59 88 559
14 0 454
116 260 467
22 0 401
68 80 559
76 0 547
43 0 418
82 22 559
44 232 559
118 171 559
85 52 559
65 78 519
20 68 250
87 0 303
18 0 551
91 31 559
92 11 460
102 113 559
21 81 559
133 367 559
50 408 559
101 297 559
34 0 332
43 580
110 1 580
66 0 551
117 0 407
108 196 580
133 213 580
135 0 442
78 40 321
104 176 580
129 222 580
102 133 580
19 0 445
42 430 580
30 73 580
124 111 580
40 59 580
44 10 580
17 0 500
115 0 384
68 0 375
106 107 580
58 229 534
120 151 521
83 0 552
23 121 580
41 163 580
101 186 504
85 0 551
3 4 580
46 172 580
94 11 580
13 54 580
113 285 529
49 86 580
121 111 580
34 80 580
130 34 580
21 398 580
26 0 521
90 11 482
80 0 414
70 32 580
16 363 580
12 33 280
43 922
58 38 502
0 93 922
108 117 922
34 0 854
28 387 922
89 71 922
125 0 609
30 40 472
74 0 922
36 0 345
33 154 922
52 338 922
118 85 778
12 0 356
121 329 922
135 279 922
131 421 635
92 0 435
60 0 670
96 0 689
103 235 922
116 0 607
55 123 922
27 464 922
39 408 922
76 150 898
24 238 922
17 252 922
31 415 922
87 0 807
3 457 721
6 0 654
2 0 539
134 13 200
128 0 425
18 0 820
51 0 892
45 619 826
57 0 421
62 311 530
98 14 922
115 0 680
67 411 922
6 565
0 0 525
28 142 565
18 201 397
25 0 360
33 190 364
16 113 336
32 381
30 40 260
99 58 381
82 193 381
33 0 296
102 0 287
65 100 381
24 0 271
107 0 362
71 152 381
36 129 381
76 70 381
87 273 381
96 0 347
17 0 304
41 0 295
8 0 153
28 9 381
92 154 381
11 55 381
77 80 345
61 68 381
51 266 362
37 0 159
94 150 381
39 0 136
35 25 381
2 64 381
42 67 381
54 114 381
68 25 381
53 235 327
14 0 341
48 439
94 55 439
17 0 400
79 0 289
23 212 395
6 130 439
19 0 250
77 91 439
13 0 311
18 0 330
26 159 439
76 7 439
20 41 439
39 48 439
48 0 330
1 0 178
12 0 379
30 172 439
89 145 344
51 0 404
67 32 439
45 79 439
68 0 429
46 0 439
91 0 403
0 59 439
4 0 191
16 0 326
2 102 439
43 267 439
92 99 439
95 243 439
54 0 303
5 0 353
70 40 369
22 0 408
62 0 337
83 0 196
80 0 408
33 42 416
19 298 439
15 47 242
35 0 341
37 199 439
11 79 439
52 234 355
66 0 97
96 89 439
58 66 439
3 418
3 11 418
48 0 314
10 0 402
18 962
32 0 906
22 0 620
24 308 962
19 0 376
36 32 962
21 235 829
33 0 480
20 0 757
5 31 658
17 209 962
11 0 744
15 311 962
0 156 962
34 0 951
7 0 930
10 200 962
23 0 863
26 0 910
40 634
46 0 507
12 47 634
35 0 529
58 123 634
105 3 634
64 302 634
57 321 634
6 0 364
72 179 624
55 0 422
18 0 524
78 0 492
71 20 541
95 27 634
13 124 634
48 0 547
20 350 634
16 471 634
4 198 472
41 0 610
67 0 425
43 0 512
8 0 320
61 0 209
65 38 634
84 0 377
60 0 251
89 91 634
77 180 634
63 409 634
23 70 253
52 180 634
104 108 634
87 0 188
97 3 634
15 265 496
98 394 634
57 0 256
94 0 380
64 0 175
4 707
27 2 245
60 49 707
34 66 621
68 83 707
