500
3 3 2
3 2
1 1
2 1
8 8 2
8 1
8 8
1 1
3 3 2
3 3
2 2
1 2
3 3 2
2 2
2 3
1 3
4 4 2
1 3
4 4
2 4
4 3 2
4 3
1 3
2 3
3 93 2
2 9
1 51
2 53
3 3 2
1 3
3 3
2 2
160 149 2
75 15
76 149
22 8
234 91 2
129 85
46 55
143 84
3 3 2
1 2
2 1
3 1
4 4 2
1 2
4 3
2 2
3 3 2
3 2
1 1
2 3
263 156 2
161 65
135 70
68 92
252 3 2
44 1
231 1
8 2
241 3 2
6 2
229 3
155 3
3 294 2
2 133
2 29
2 136
188 227 2
88 218
74 176
70 79
245 129 2
32 38
83 22
158 118
4 4 2
3 2
4 2
2 2
3 3 2
3 1
2 3
1 2
190 195 2
71 146
82 8
37 161
198 3 2
55 1
177 2
71 1
3 3 2
1 3
2 3
3 1
64 245 2
5 28
17 9
22 240
53 220 2
34 30
38 1
3 7
3 3 2
3 1
2 3
1 1
104 3 2
47 1
64 2
79 1
3 4 2
2 4
1 2
3 3
3 34 2
1 8
2 22
3 16
186 79 2
113 15
33 41
63 12
3 3 2
1 3
2 1
3 3
3 3 2
3 2
2 3
2 2
9 238 2
8 156
5 230
4 8
3 3 2
2 3
1 1
2 1
3 3 2
3 2
1 2
2 3
4 4 2
4 3
1 3
2 3
4 4 2
1 2
4 1
3 4
217 9 2
213 5
194 9
114 4
3 3 2
2 2
2 3
1 2
4 3 2
1 2
4 2
1 3
3 3 2
2 2
3 3
1 3
255 81 2
74 12
4 67
27 50
3 3 2
1 3
1 2
1 1
3 3 2
3 1
1 3
2 1
267 141 2
37 110
151 96
107 43
257 193 2
70 126
143 140
136 51
4 3 2
4 2
1 1
3 1
4 3 2
4 2
1 1
2 1
3 3 2
1 3
3 2
1 2
259 179 2
141 162
185 106
101 127
3 3 2
2 3
2 2
3 3
67 25 2
32 10
66 3
21 18
4 3 2
3 1
1 1
3 3
253 99 2
114 90
210 26
246 65
288 91 2
182 85
60 37
209 73
265 137 2
77 70
86 71
17 64
114 3 2
14 2
40 3
37 1
45 222 2
36 13
19 98
32 168
4 3 2
4 2
1 1
4 3
3 3 2
3 2
2 3
1 3
22 269 2
8 211
18 92
19 136
3 3 2
1 1
2 1
3 2
283 219 2
250 155
134 128
240 19
3 4 2
1 2
1 3
3 4
3 4 2
1 4
3 4
3 1
257 294 2
117 290
188 102
74 103
39 244 2
16 175
37 13
9 74
3 3 2
2 1
2 2
3 3
300 187 2
288 42
78 11
107 58
97 274 2
70 76
62 269
85 57
268 3 2
251 2
170 2
158 3
4 4 2
2 2
3 1
4 4
3 256 2
3 162
3 208
2 250
241 3 2
24 1
88 3
194 2
77 288 2
53 13
17 244
26 218
3 3 2
3 2
2 3
1 1
4 3 2
1 2
4 1
2 1
3 3 2
3 1
1 2
2 2
3 33 2
3 7
1 18
2 29
3 266 2
2 75
1 35
3 102
4 3 2
3 2
3 3
1 1
199 288 2
190 109
125 55
178 116
3 53 2
1 31
2 42
1 23
4 4 2
1 1
1 2
2 3
3 3 2
3 2
2 2
2 1
71 87 2
36 44
1 87
71 1
221 169 2
167 36
77 132
59 98
3 3 2
3 3
3 2
2 2
111 3 2
6 1
2 1
33 2
72 300 2
38 228
56 46
44 66
3 173 2
3 22
2 139
2 87
55 53 2
48 42
39 31
29 10
63 165 2
45 1
26 71
34 83
3 193 2
1 69
1 37
3 181
4 4 2
4 2
4 4
2 4
3 3 2
3 1
3 2
2 3
4 4 2
1 4
1 2
3 4
3 3 2
2 3
3 2
3 3
160 192 2
84 182
59 96
75 184
168 4 2
124 3
144 4
29 2
3 4 2
1 4
3 2
2 3
3 3 2
2 3
2 2
1 2
222 107 2
187 74
94 24
176 107
3 13 2
2 11
3 7
3 8
4 4 2
1 1
3 4
4 4
74 3 2
3 1
62 2
27 3
4 4 2
2 3
2 4
4 3
4 3 2
2 1
3 2
4 3
266 280 1
136 193
86 138
4 3 2
1 2
3 2
3 3
52 11 2
14 4
29 1
35 10
239 96 2
163 43
97 71
186 81
192 142 2
46 35
184 4
29 16
3 3 2
1 2
2 3
1 3
270 184 2
152 145
256 25
28 147
7 266 2
3 60
4 151
1 134
300 300 2
1 1
1 3
3 1
34 34 2
30 21
26 13
16 18
128 294 2
90 7
83 139
86 195
168 75 2
47 3
20 35
4 10
225 97 2
85 69
60 60
60 18
3 3 2
1 2
2 3
2 1
3 82 2
1 80
2 68
2 54
184 238 2
179 45
137 177
183 9
267 136 2
100 69
55 84
242 32
3 4 2
1 1
3 3
2 1
254 32 2
29 17
40 5
204 24
176 3 2
159 3
79 3
42 3
9 54 2
1 13
5 54
8 9
4 4 2
2 3
2 2
4 1
4 4 2
1 1
2 1
4 1
3 25 2
2 23
3 20
2 14
3 3 2
2 2
3 2
2 3
4 3 2
4 1
4 3
3 3
231 3 2
50 3
212 2
116 3
116 180 2
88 84
50 38
29 131
263 217 2
83 84
123 214
168 45
3 132 2
3 96
3 13
3 87
3 261 2
2 207
1 163
1 220
92 137 2
11 82
30 100
53 119
4 4 2
3 3
2 4
2 2
113 247 2
45 152
65 130
76 84
3 295 2
2 275
3 128
2 162
3 3 2
1 1
3 3
1 3
3 3 2
1 2
3 2
2 3
4 4 2
2 3
3 4
4 2
4 4 2
4 2
2 1
1 2
3 3 2
2 1
1 1
1 3
4 4 2
1 2
3 1
4 3
228 3 2
65 2
112 2
207 3
68 268 2
55 11
41 165
3 94
4 3 2
4 1
3 2
1 1
281 3 2
104 3
271 3
40 3
142 5 2
126 5
29 1
49 2
4 4 2
4 2
2 3
2 4
32 233 2
20 29
4 47
23 28
3 3 2
3 1
2 3
1 3
3 4 2
3 1
1 3
2 1
4 3 2
3 3
4 1
4 3
228 70 2
119 56
87 32
70 27
271 30 2
34 1
210 19
197 20
48 230 2
5 227
26 141
6 110
4 4 2
4 2
2 1
3 4
113 3 2
31 1
42 2
91 2
90 125 2
31 64
79 107
63 117
276 3 2
246 1
145 2
41 3
296 63 2
5 30
78 47
40 32
232 36 2
221 11
229 21
207 19
248 275 2
86 128
145 122
16 19
44 170 2
9 42
25 61
42 46
186 263 2
90 115
175 74
38 165
4 4 2
1 4
1 3
3 1
191 3 2
48 3
12 2
154 2
200 59 2
46 13
35 43
86 59
180 160 2
76 144
177 64
151 55
193 256 2
35 122
93 50
23 99
4 3 2
4 3
2 3
1 2
111 31 2
65 15
35 4
107 5
104 93 2
5 43
16 72
41 59
269 115 2
92 59
110 86
73 22
67 25 2
32 10
66 3
21 18
239 27 2
122 2
209 1
185 13
296 3 2
88 1
237 1
65 2
158 34 2
135 16
61 7
66 11
4 4 2
3 2
2 1
2 2
4 4 2
3 3
2 4
1 4
50 3 2
18 1
4 3
15 3
294 83 2
75 44
53 29
10 31
4 4 2
3 1
2 4
4 2
3 3 2
1 1
2 2
1 2
3 3 2
1 3
3 2
2 1
3 3 2
3 2
2 1
3 1
13 4 2
13 1
4 2
10 1
5 127 2
3 33
4 37
5 79
4 271 2
2 236
3 168
3 89
250 169 2
74 30
35 60
115 56
55 4 2
27 3
37 4
35 2
276 201 2
164 35
103 138
169 123
3 3 2
3 1
2 1
1 1
3 3 1
1 1
2 2
245 3 2
69 2
231 2
54 2
3 3 2
2 1
2 2
3 2
168 21 2
163 10
97 9
138 21
3 5 2
1 1
3 2
3 1
68 37 2
26 6
48 36
37 30
3 3 2
2 3
3 3
1 3
127 60 2
47 23
33 17
92 17
4 4 2
1 3
1 1
2 1
3 3 2
3 2
1 3
1 1
269 210 2
151 109
24 98
149 208
116 50 2
5 11
37 48
44 11
3 3 2
1 1
2 1
3 3
149 7 2
41 2
121 7
117 1
4 4 2
1 4
4 4
2 2
4 4 2
1 2
1 3
1 4
3 3 2
3 3
2 1
2 2
298 35 2
61 20
83 34
66 34
3 10 2
2 10
1 9
3 9
4 3 2
3 1
3 3
4 1
3 257 2
1 233
1 11
1 17
214 283 2
164 172
64 221
191 274
3 3 2
3 1
2 1
3 2
198 3 2
7 1
50 1
103 1
4 4 2
3 4
2 1
3 1
275 150 2
111 10
185 22
90 142
223 3 2
223 2
154 3
99 3
3 39 2
2 13
2 24
1 13
4 3 2
3 2
4 3
1 2
242 173 2
210 29
94 76
144 64
4 3 2
2 1
4 3
3 1
49 41 2
5 31
41 41
39 23
300 300 2
1 1
1 2
2 1
148 210 2
16 80
70 65
148 159
14 288 2
4 154
2 217
12 141
3 3 2
1 3
2 2
1 1
3 187 2
2 63
1 22
2 78
75 212 2
29 10
7 63
14 54
288 207 1
117 25
197 154
3 3 2
3 2
1 1
3 3
3 4 2
1 4
1 3
3 4
67 55 2
53 41
24 6
61 10
3 3 2
3 1
3 2
2 2
3 3 2
1 3
3 2
1 1
20 3 2
4 1
17 2
8 2
3 292 2
2 41
3 147
1 95
48 105 2
32 94
15 21
44 59
269 3 2
68 3
28 3
76 3
3 97 2
1 67
3 9
2 27
285 188 2
37 170
182 88
284 169
226 209 2
148 7
177 8
222 185
4 4 2
1 2
4 3
2 1
3 3 2
1 1
3 3
2 2
238 147 2
23 67
177 86
152 9
3 3 2
2 2
3 1
1 2
225 16 2
93 10
34 5
146 5
25 65 2
5 10
6 16
7 9
82 3 2
20 3
51 3
16 3
125 150 1
40 98
67 93
4 4 2
1 3
3 2
3 4
196 284 2
166 92
88 177
39 240
4 4 2
4 3
2 3
2 1
3 4 2
2 2
3 4
1 4
214 294 2
33 287
93 20
172 79
3 3 2
2 1
1 3
2 3
23 3 2
3 2
8 3
21 2
223 130 2
95 101
196 15
9 117
276 3 2
161 3
177 2
89 2
79 191 2
62 107
9 31
24 168
3 4 2
3 2
2 4
1 3
3 3 2
2 3
3 1
1 2
166 168 2
32 44
25 139
27 129
4 3 2
2 1
3 1
2 2
3 3 2
1 1
2 1
2 2
3 20 2
3 18
1 11
1 5
244 3 2
220 2
182 2
60 1
108 10 1
102 9
15 10
3 3 2
1 2
3 1
3 2
3 3 2
3 2
3 1
2 1
3 276 2
2 25
3 99
3 19
3 3 2
3 2
2 2
1 1
300 5 2
2 3
15 2
300 5
280 234 1
221 97
32 26
236 226 2
138 207
234 63
75 17
3 3 2
3 2
3 1
1 3
100 197 2
9 189
63 138
11 143
4 3 2
2 1
1 3
2 2
4 4 2
3 4
1 3
3 2
19 3 2
10 2
1 1
2 2
4 3 2
4 3
1 1
3 1
3 3 2
1 1
1 3
3 1
176 18 2
101 16
3 15
45 14
3 90 2
2 32
3 52
3 31
141 267 2
131 38
1 215
3 95
4 4 2
1 3
1 4
4 1
19 3 2
4 3
18 3
18 1
46 3 2
5 2
39 3
20 1
4 3 2
2 3
2 1
2 2
17 3 2
11 2
17 3
13 3
3 3 2
1 3
2 3
2 2
33 3 2
10 2
10 1
9 3
111 209 2
85 39
34 197
98 204
289 211 2
225 65
159 6
89 13
3 3 2
3 3
2 1
2 2
3 3 2
2 2
1 3
1 1
116 92 2
112 18
6 54
18 64
4 3 2
4 2
1 1
3 2
3 10 2
2 10
1 9
3 9
3 3 2
1 3
2 3
3 1
273 291 2
61 163
120 29
231 45
3 3 2
2 3
2 2
1 1
3 130 2
2 1
2 91
2 8
3 3 2
2 1
2 2
3 1
3 3 2
3 2
3 3
1 3
71 87 2
36 44
1 87
71 1
3 3 2
2 1
3 3
1 1
226 3 2
23 1
182 1
6 2
258 275 2
189 123
19 40
161 227
3 3 2
1 1
2 2
3 3
3 3 2
2 1
1 3
2 3
3 3 2
1 2
3 3
3 2
180 3 2
75 3
1 3
112 2
3 267 2
2 189
3 88
3 150
3 3 2
3 3
1 3
1 2
226 61 2
118 38
84 50
213 36
27 215 2
8 64
23 80
23 23
3 120 2
1 3
2 12
1 34
4 4 2
1 1
4 4
2 2
258 3 2
163 3
211 2
191 3
173 44 2
143 12
80 26
129 22
228 74 2
165 60
155 6
100 47
112 155 2
52 143
92 54
51 86
3 3 2
1 2
2 3
2 2
3 3 2
1 1
2 3
2 1
3 3 2
3 1
3 3
2 1
3 3 2
3 2
1 2
3 3
33 204 2
23 87
1 194
33 43
7 7 2
4 4
1 7
2 7
3 3 2
3 3
3 2
1 1
160 77 2
156 58
106 65
56 49
298 116 2
20 54
42 64
181 36
189 278 2
35 229
101 270
77 257
109 3 2
37 3
79 1
96 1
4 3 2
1 2
3 2
1 1
3 4 2
3 1
2 1
1 3
32 3 2
3 3
8 2
9 1
4 4 2
1 4
4 4
2 2
300 5 2
2 3
15 2
300 5
180 3 2
42 3
180 2
88 2
55 246 2
34 75
16 206
10 145
3 276 2
2 102
2 208
2 128
3 106 2
3 61
1 89
1 15
3 3 2
3 1
3 3
1 2
3 102 2
2 75
3 32
1 100
299 84 2
235 27
246 33
213 65
4 4 2
4 2
1 4
4 3
4 4 2
3 3
2 2
1 4
3 95 2
2 67
3 88
1 13
227 3 2
138 3
72 2
86 3
158 3 2
157 1
149 2
34 2
3 3 2
1 3
3 1
1 1
99 3 2
18 3
75 1
20 2
3 3 2
2 1
1 3
3 1
3 3 2
1 3
2 3
3 2
35 29 2
7 20
35 9
29 28
4 3 2
1 1
4 3
4 1
12 174 2
5 70
12 170
8 44
3 37 2
3 29
3 35
3 4
223 194 2
183 183
197 163
145 115
3 4 2
2 3
3 2
3 1
4 4 2
4 2
3 3
4 1
117 3 2
79 2
60 3
18 3
236 34 2
113 25
18 8
72 34
147 3 2
15 2
38 3
120 1
3 3 2
2 3
1 1
2 1
4 3 2
4 1
3 2
4 3
3 4 2
2 2
1 1
1 3
3 95 2
1 71
1 53
1 77
3 3 1
1 1
2 2
41 3 2
24 1
36 1
21 1
4 4 2
2 2
4 2
2 3
3 23 2
2 20
2 21
1 2
3 120 2
3 114
2 58
3 26
290 279 2
170 194
45 3
137 190
4 4 2
4 4
1 1
3 3
165 246 2
152 104
5 76
84 97
4 3 2
4 2
3 3
3 2
204 268 1
4 197
14 18
86 61 2
22 1
86 38
74 6
3 3 2
3 2
1 2
2 1
298 3 2
101 2
276 1
259 1
291 211 2
208 67
155 167
81 199
242 146 2
19 141
108 130
79 92
3 3 2
2 2
1 3
1 1
3 3 2
3 3
2 2
2 3
3 3 2
3 1
2 3
3 3
293 132 2
260 47
284 23
194 17
3 4 2
2 1
2 2
1 2
3 23 2
2 7
2 2
3 9
63 33 2
34 6
15 5
47 24
297 3 2
153 2
222 3
27 1
3 4 2
3 4
1 2
2 2
179 279 2
173 19
21 242
166 168
89 95 2
66 9
69 81
8 71
3 294 2
2 139
2 81
2 220
4 4 2
1 2
4 4
3 1
3 4 2
3 4
2 1
3 3
3 3 2
3 2
1 1
2 2
3 3 2
2 3
1 3
3 2
284 3 2
264 1
245 2
217 1
4 4 2
2 4
4 1
4 3
24 34 2
8 26
19 6
16 18
3 4 2
3 1
3 4
2 2
166 179 2
10 48
21 162
151 116
4 4 2
2 3
2 4
2 1
3 98 2
1 12
2 2
1 81
196 103 2
55 12
31 70
68 53
101 3 2
7 2
58 1
16 3
110 28 2
95 24
49 12
66 10
225 143 2
130 66
57 15
71 34
55 5 1
10 5
29 3
4 4 2
4 1
4 4
2 1
203 192 2
178 71
108 105
103 12
252 169 2
248 79
134 133
158 63
3 3 2
1 1
1 3
3 1
20 272 2
7 12
12 50
20 140
75 44 2
33 40
47 7
46 22
4 3 2
2 3
2 2
2 1
136 3 2
125 1
21 3
52 2
4 4 2
4 4
2 2
4 2
40 123 2
33 8
13 43
11 46
296 231 2
220 166
98 17
194 46
144 3 2
89 3
100 3
129 1
4 4 2
4 3
3 3
3 1
214 3 2
101 2
68 3
85 2
153 285 2
10 36
90 263
121 210
89 133 1
7 18
9 56
299 3 2
9 2
217 2
138 2
291 177 2
259 154
268 97
265 113
69 68 2
9 23
26 16
9 44
47 3 2
46 3
2 3
36 2
3 4 2
3 2
1 2
2 2
138 220 2
74 97
137 165
125 84
3 296 2
1 145
1 287
1 100
168 157 2
27 14
154 68
46 114
88 83 2
66 62
69 43
25 57
58 3 2
6 1
16 3
38 2
101 3 2
33 3
15 3
23 1
177 156 2
169 111
111 94
58 20
134 195 2
95 91
74 21
55 111
3 3 2
2 3
2 2
2 1
31 224 2
27 151
13 176
31 74
260 248 2
212 121
112 198
193 141
3 3 2
1 1
3 1
2 2
3 3 2
1 1
2 2
1 2
4 4 2
3 2
3 4
1 3
3 3 2
3 1
3 2
1 2
3 191 2
3 184
2 46
1 113
70 14 2
14 10
66 14
27 10
104 89 2
55 77
36 11
92 82
3 3 2
2 2
1 2
1 3
4 4 2
2 1
4 1
2 2
4 3 2
4 1
3 3
2 3
4 3 2
4 2
3 3
2 3
3 159 2
1 116
2 89
2 101
171 234 2
58 26
69 153
83 50
3 3 2
2 3
1 1
2 2
225 249 2
178 100
129 202
130 184
3 3 2
1 1
3 3
1 3
211 173 2
67 156
104 24
14 15
3 3 2
1 1
2 1
3 1
94 26 2
29 21
61 19
22 19
3 3 2
1 3
2 2
1 1
296 79 2
158 66
257 62
100 19
4 3 2
4 3
1 3
3 3
94 3 2
35 3
42 1
69 2
3 3 2
3 2
1 3
2 2
3 274 2
3 150
2 241
3 253
3 4 2
2 3
2 1
2 2
126 3 2
47 1
42 3
62 3
149 123 2
16 106
78 24
139 123
285 209 2
182 20
125 50
228 189
4 3 2
4 3
3 1
4 1
24 182 1
15 26
21 144
135 109 2
26 108
35 44
133 76
3 3 2
3 3
3 1
1 3
4 4 2
4 4
3 2
3 3
119 182 2
116 43
18 48
79 56
3 3 2
1 1
3 1
1 2
8 8 2
8 1
8 8
1 1
6 180 2
3 56
6 134
3 72
243 3 2
178 2
212 3
233 3
3 3 2
3 3
3 1
3 2
4 4 2
3 2
3 1
4 2
3 21 2
1 1
1 14
3 11
22 3 2
15 2
22 2
19 3
4 4 2
3 2
4 1
1 3
4 3 2
2 2
2 3
3 2
19 99 2
9 50
7 20
16 44
4 4 2
1 3
3 2
2 4
