100
1
2 
2
2 3 
2
2 4 
1
3 
2
2 5 
4
2 3 4 6 
2
2 7 
2
3 5 
3
2 4 8 
4
2 3 6 9 
4
2 4 5 10 
2
3 7 
2
2 11 
6
2 3 4 6 8 12 
1
5 
2
2 13 
2
3 9 
4
2 4 7 14 
6
2 3 5 6 10 15 
4
2 4 8 16 
2
3 11 
2
2 17 
2
5 7 
7
2 3 4 6 9 12 18 
2
2 19 
2
3 13 
6
2 4 5 8 10 20 
6
2 3 6 7 14 21 
4
2 4 11 22 
4
3 5 9 15 
2
2 23 
8
2 3 4 6 8 12 16 24 
1
7 
4
2 5 10 25 
2
3 17 
4
2 4 13 26 
6
2 3 6 9 18 27 
2
5 11 
6
2 4 7 8 14 28 
2
3 19 
2
2 29 
10
2 3 4 5 6 10 12 15 20 30 
2
2 31 
4
3 7 9 21 
5
2 4 8 16 32 
2
5 13 
6
2 3 6 11 22 33 
4
2 4 17 34 
2
3 23 
6
2 5 7 10 14 35 
10
2 3 4 6 8 9 12 18 24 36 
2
2 37 
4
3 5 15 25 
4
2 4 19 38 
2
7 11 
6
2 3 6 13 26 39 
8
2 4 5 8 10 16 20 40 
3
3 9 27 
2
2 41 
10
2 3 4 6 7 12 14 21 28 42 
2
5 17 
2
2 43 
2
3 29 
6
2 4 8 11 22 44 
10
2 3 5 6 9 10 15 18 30 45 
2
7 13 
4
2 4 23 46 
2
3 31 
2
2 47 
2
5 19 
10
2 3 4 6 8 12 16 24 32 48 
4
2 7 14 49 
4
3 9 11 33 
7
2 4 5 10 20 25 50 
6
2 3 6 17 34 51 
6
2 4 8 13 26 52 
6
3 5 7 15 21 35 
2
2 53 
10
2 3 4 6 9 12 18 27 36 54 
6
2 5 10 11 22 55 
2
3 37 
8
2 4 7 8 14 16 28 56 
6
2 3 6 19 38 57 
2
5 23 
4
2 4 29 58 
4
3 9 13 39 
2
2 59 
2
7 17 
14
2 3 4 5 6 8 10 12 15 20 24 30 40 60 
1
11 
2
2 61 
2
3 41 
4
2 4 31 62 
2
5 25 
10
2 3 6 7 9 14 18 21 42 63 
6
2 4 8 16 32 64 
2
3 43 
6
2 5 10 13 26 65 
10
2 3 4 6 11 12 22 33 44 66 
2
7 19 
